9.765625000000000000e-03
1.464843750000000000e-02
1.220703125000000000e-02
9.765625000000000000e-03
9.765625000000000000e-03
7.324218750000000000e-03
1.220703125000000000e-02
9.765625000000000000e-03
7.324218750000000000e-03
7.324218750000000000e-03
4.882812500000000000e-03
4.882812500000000000e-03
4.882812500000000000e-03
0.000000000000000000e+00
0.000000000000000000e+00
0.000000000000000000e+00
0.000000000000000000e+00
2.441406250000000000e-03
4.882812500000000000e-03
2.441406250000000000e-03
2.441406250000000000e-03
2.441406250000000000e-03
4.882812500000000000e-03
2.441406250000000000e-03
4.882812500000000000e-03
4.882812500000000000e-03
7.324218750000000000e-03
7.324218750000000000e-03
7.324218750000000000e-03
4.882812500000000000e-03
2.441406250000000000e-03
2.441406250000000000e-03
7.324218750000000000e-03
4.882812500000000000e-03
7.324218750000000000e-03
4.882812500000000000e-03
2.441406250000000000e-03
0.000000000000000000e+00
0.000000000000000000e+00
2.441406250000000000e-03
4.882812500000000000e-03
7.324218750000000000e-03
7.324218750000000000e-03
4.882812500000000000e-03
2.441406250000000000e-03
0.000000000000000000e+00
2.441406250000000000e-03
4.882812500000000000e-03
4.882812500000000000e-03
4.882812500000000000e-03
4.882812500000000000e-03
7.324218750000000000e-03
7.324218750000000000e-03
4.882812500000000000e-03
4.882812500000000000e-03
4.882812500000000000e-03
4.882812500000000000e-03
7.324218750000000000e-03
7.324218750000000000e-03
7.324218750000000000e-03
4.882812500000000000e-03
4.882812500000000000e-03
4.882812500000000000e-03
2.441406250000000000e-03
9.765625000000000000e-03
7.324218750000000000e-03
9.765625000000000000e-03
4.882812500000000000e-03
7.324218750000000000e-03
4.882812500000000000e-03
7.324218750000000000e-03
7.324218750000000000e-03
4.882812500000000000e-03
9.765625000000000000e-03
7.324218750000000000e-03
7.324218750000000000e-03
4.882812500000000000e-03
4.882812500000000000e-03
7.324218750000000000e-03
7.324218750000000000e-03
7.324218750000000000e-03
4.882812500000000000e-03
4.882812500000000000e-03
4.882812500000000000e-03
2.441406250000000000e-03
4.882812500000000000e-03
9.765625000000000000e-03
9.765625000000000000e-03
9.765625000000000000e-03
7.324218750000000000e-03
7.324218750000000000e-03
4.882812500000000000e-03
4.882812500000000000e-03
7.324218750000000000e-03
9.765625000000000000e-03
9.765625000000000000e-03
7.324218750000000000e-03
4.882812500000000000e-03
4.882812500000000000e-03
4.882812500000000000e-03
4.882812500000000000e-03
7.324218750000000000e-03
7.324218750000000000e-03
4.882812500000000000e-03
7.324218750000000000e-03
4.882812500000000000e-03
7.324218750000000000e-03
9.765625000000000000e-03
9.765625000000000000e-03
7.324218750000000000e-03
7.324218750000000000e-03
4.882812500000000000e-03
7.324218750000000000e-03
7.324218750000000000e-03
7.324218750000000000e-03
7.324218750000000000e-03
7.324218750000000000e-03
7.324218750000000000e-03
7.324218750000000000e-03
7.324218750000000000e-03
4.882812500000000000e-03
4.882812500000000000e-03
4.882812500000000000e-03
4.882812500000000000e-03
7.324218750000000000e-03
4.882812500000000000e-03
4.882812500000000000e-03
7.324218750000000000e-03
7.324218750000000000e-03
7.324218750000000000e-03
7.324218750000000000e-03
7.324218750000000000e-03
7.324218750000000000e-03
7.324218750000000000e-03
7.324218750000000000e-03
7.324218750000000000e-03
7.324218750000000000e-03
7.324218750000000000e-03
9.765625000000000000e-03
9.765625000000000000e-03
7.324218750000000000e-03
7.324218750000000000e-03
7.324218750000000000e-03
9.765625000000000000e-03
7.324218750000000000e-03
4.882812500000000000e-03
4.882812500000000000e-03
4.882812500000000000e-03
7.324218750000000000e-03
7.324218750000000000e-03
9.765625000000000000e-03
4.882812500000000000e-03
4.882812500000000000e-03
4.882812500000000000e-03
4.882812500000000000e-03
7.324218750000000000e-03
9.765625000000000000e-03
9.765625000000000000e-03
9.765625000000000000e-03
7.324218750000000000e-03
4.882812500000000000e-03
7.324218750000000000e-03
7.324218750000000000e-03
7.324218750000000000e-03
7.324218750000000000e-03
7.324218750000000000e-03
4.882812500000000000e-03
4.882812500000000000e-03
4.882812500000000000e-03
7.324218750000000000e-03
9.765625000000000000e-03
7.324218750000000000e-03
7.324218750000000000e-03
7.324218750000000000e-03
4.882812500000000000e-03
7.324218750000000000e-03
7.324218750000000000e-03
9.765625000000000000e-03
7.324218750000000000e-03
7.324218750000000000e-03
7.324218750000000000e-03
7.324218750000000000e-03
9.765625000000000000e-03
9.765625000000000000e-03
7.324218750000000000e-03
7.324218750000000000e-03
7.324218750000000000e-03
4.882812500000000000e-03
4.882812500000000000e-03
9.765625000000000000e-03
9.765625000000000000e-03
9.765625000000000000e-03
9.765625000000000000e-03
9.765625000000000000e-03
4.882812500000000000e-03
7.324218750000000000e-03
7.324218750000000000e-03
9.765625000000000000e-03
9.765625000000000000e-03
9.765625000000000000e-03
9.765625000000000000e-03
4.882812500000000000e-03
4.882812500000000000e-03
4.882812500000000000e-03
7.324218750000000000e-03
9.765625000000000000e-03
9.765625000000000000e-03
7.324218750000000000e-03
7.324218750000000000e-03
7.324218750000000000e-03
9.765625000000000000e-03
7.324218750000000000e-03
7.324218750000000000e-03
4.882812500000000000e-03
4.882812500000000000e-03
4.882812500000000000e-03
7.324218750000000000e-03
7.324218750000000000e-03
7.324218750000000000e-03
4.882812500000000000e-03
7.324218750000000000e-03
7.324218750000000000e-03
9.765625000000000000e-03
7.324218750000000000e-03
4.882812500000000000e-03
7.324218750000000000e-03
9.765625000000000000e-03
7.324218750000000000e-03
7.324218750000000000e-03
7.324218750000000000e-03
7.324218750000000000e-03
9.765625000000000000e-03
9.765625000000000000e-03
7.324218750000000000e-03
7.324218750000000000e-03
4.882812500000000000e-03
4.882812500000000000e-03
9.765625000000000000e-03
9.765625000000000000e-03
7.324218750000000000e-03
2.441406250000000000e-03
7.324218750000000000e-03
9.765625000000000000e-03
9.765625000000000000e-03
9.765625000000000000e-03
1.220703125000000000e-02
9.765625000000000000e-03
9.765625000000000000e-03
7.324218750000000000e-03
7.324218750000000000e-03
9.765625000000000000e-03
9.765625000000000000e-03
9.765625000000000000e-03
9.765625000000000000e-03
9.765625000000000000e-03
7.324218750000000000e-03
9.765625000000000000e-03
9.765625000000000000e-03
7.324218750000000000e-03
7.324218750000000000e-03
9.765625000000000000e-03
9.765625000000000000e-03
7.324218750000000000e-03
7.324218750000000000e-03
7.324218750000000000e-03
9.765625000000000000e-03
9.765625000000000000e-03
7.324218750000000000e-03
7.324218750000000000e-03
7.324218750000000000e-03
4.882812500000000000e-03
9.765625000000000000e-03
9.765625000000000000e-03
9.765625000000000000e-03
1.220703125000000000e-02
9.765625000000000000e-03
7.324218750000000000e-03
9.765625000000000000e-03
7.324218750000000000e-03
4.882812500000000000e-03
4.882812500000000000e-03
7.324218750000000000e-03
9.765625000000000000e-03
9.765625000000000000e-03
7.324218750000000000e-03
7.324218750000000000e-03
4.882812500000000000e-03
4.882812500000000000e-03
4.882812500000000000e-03
7.324218750000000000e-03
9.765625000000000000e-03
9.765625000000000000e-03
9.765625000000000000e-03
7.324218750000000000e-03
7.324218750000000000e-03
9.765625000000000000e-03
9.765625000000000000e-03
7.324218750000000000e-03
9.765625000000000000e-03
9.765625000000000000e-03
9.765625000000000000e-03
7.324218750000000000e-03
7.324218750000000000e-03
4.882812500000000000e-03
4.882812500000000000e-03
7.324218750000000000e-03
7.324218750000000000e-03
7.324218750000000000e-03
7.324218750000000000e-03
7.324218750000000000e-03
9.765625000000000000e-03
9.765625000000000000e-03
9.765625000000000000e-03
7.324218750000000000e-03
7.324218750000000000e-03
7.324218750000000000e-03
9.765625000000000000e-03
9.765625000000000000e-03
9.765625000000000000e-03
7.324218750000000000e-03
9.765625000000000000e-03
9.765625000000000000e-03
7.324218750000000000e-03
7.324218750000000000e-03
7.324218750000000000e-03
9.765625000000000000e-03
7.324218750000000000e-03
4.882812500000000000e-03
7.324218750000000000e-03
9.765625000000000000e-03
9.765625000000000000e-03
7.324218750000000000e-03
7.324218750000000000e-03
7.324218750000000000e-03
7.324218750000000000e-03
7.324218750000000000e-03
7.324218750000000000e-03
4.882812500000000000e-03
4.882812500000000000e-03
4.882812500000000000e-03
7.324218750000000000e-03
9.765625000000000000e-03
9.765625000000000000e-03
9.765625000000000000e-03
7.324218750000000000e-03
7.324218750000000000e-03
4.882812500000000000e-03
4.882812500000000000e-03
7.324218750000000000e-03
9.765625000000000000e-03
9.765625000000000000e-03
4.882812500000000000e-03
4.882812500000000000e-03
4.882812500000000000e-03
7.324218750000000000e-03
7.324218750000000000e-03
9.765625000000000000e-03
9.765625000000000000e-03
7.324218750000000000e-03
7.324218750000000000e-03
4.882812500000000000e-03
4.882812500000000000e-03
7.324218750000000000e-03
9.765625000000000000e-03
9.765625000000000000e-03
9.765625000000000000e-03
7.324218750000000000e-03
7.324218750000000000e-03
7.324218750000000000e-03
9.765625000000000000e-03
7.324218750000000000e-03
4.882812500000000000e-03
7.324218750000000000e-03
7.324218750000000000e-03
7.324218750000000000e-03
7.324218750000000000e-03
7.324218750000000000e-03
9.765625000000000000e-03
9.765625000000000000e-03
9.765625000000000000e-03
9.765625000000000000e-03
9.765625000000000000e-03
7.324218750000000000e-03
7.324218750000000000e-03
4.882812500000000000e-03
4.882812500000000000e-03
9.765625000000000000e-03
9.765625000000000000e-03
9.765625000000000000e-03
9.765625000000000000e-03
7.324218750000000000e-03
7.324218750000000000e-03
4.882812500000000000e-03
7.324218750000000000e-03
7.324218750000000000e-03
7.324218750000000000e-03
4.882812500000000000e-03
7.324218750000000000e-03
7.324218750000000000e-03
7.324218750000000000e-03
7.324218750000000000e-03
7.324218750000000000e-03
9.765625000000000000e-03
9.765625000000000000e-03
7.324218750000000000e-03
7.324218750000000000e-03
4.882812500000000000e-03
9.765625000000000000e-03
9.765625000000000000e-03
9.765625000000000000e-03
7.324218750000000000e-03
7.324218750000000000e-03
7.324218750000000000e-03
7.324218750000000000e-03
7.324218750000000000e-03
9.765625000000000000e-03
7.324218750000000000e-03
7.324218750000000000e-03
7.324218750000000000e-03
7.324218750000000000e-03
7.324218750000000000e-03
7.324218750000000000e-03
4.882812500000000000e-03
7.324218750000000000e-03
7.324218750000000000e-03
9.765625000000000000e-03
9.765625000000000000e-03
9.765625000000000000e-03
9.765625000000000000e-03
7.324218750000000000e-03
4.882812500000000000e-03
4.882812500000000000e-03
7.324218750000000000e-03
7.324218750000000000e-03
9.765625000000000000e-03
4.882812500000000000e-03
4.882812500000000000e-03
4.882812500000000000e-03
7.324218750000000000e-03
7.324218750000000000e-03
7.324218750000000000e-03
9.765625000000000000e-03
7.324218750000000000e-03
9.765625000000000000e-03
7.324218750000000000e-03
4.882812500000000000e-03
7.324218750000000000e-03
9.765625000000000000e-03
7.324218750000000000e-03
4.882812500000000000e-03
7.324218750000000000e-03
4.882812500000000000e-03
4.882812500000000000e-03
7.324218750000000000e-03
7.324218750000000000e-03
7.324218750000000000e-03
9.765625000000000000e-03
7.324218750000000000e-03
7.324218750000000000e-03
7.324218750000000000e-03
9.765625000000000000e-03
9.765625000000000000e-03
9.765625000000000000e-03
9.765625000000000000e-03
7.324218750000000000e-03
7.324218750000000000e-03
4.882812500000000000e-03
7.324218750000000000e-03
7.324218750000000000e-03
4.882812500000000000e-03
4.882812500000000000e-03
4.882812500000000000e-03
7.324218750000000000e-03
9.765625000000000000e-03
9.765625000000000000e-03
1.220703125000000000e-02
9.765625000000000000e-03
7.324218750000000000e-03
7.324218750000000000e-03
4.882812500000000000e-03
7.324218750000000000e-03
9.765625000000000000e-03
7.324218750000000000e-03
4.882812500000000000e-03
7.324218750000000000e-03
7.324218750000000000e-03
7.324218750000000000e-03
9.765625000000000000e-03
7.324218750000000000e-03
7.324218750000000000e-03
7.324218750000000000e-03
4.882812500000000000e-03
4.882812500000000000e-03
7.324218750000000000e-03
9.765625000000000000e-03
9.765625000000000000e-03
9.765625000000000000e-03
1.220703125000000000e-02
9.765625000000000000e-03
7.324218750000000000e-03
7.324218750000000000e-03
7.324218750000000000e-03
9.765625000000000000e-03
9.765625000000000000e-03
7.324218750000000000e-03
4.882812500000000000e-03
4.882812500000000000e-03
4.882812500000000000e-03
4.882812500000000000e-03
7.324218750000000000e-03
7.324218750000000000e-03
7.324218750000000000e-03
4.882812500000000000e-03
4.882812500000000000e-03
4.882812500000000000e-03
7.324218750000000000e-03
7.324218750000000000e-03
9.765625000000000000e-03
4.882812500000000000e-03
7.324218750000000000e-03
4.882812500000000000e-03
7.324218750000000000e-03
9.765625000000000000e-03
1.220703125000000000e-02
1.220703125000000000e-02
7.324218750000000000e-03
7.324218750000000000e-03
4.882812500000000000e-03
7.324218750000000000e-03
7.324218750000000000e-03
7.324218750000000000e-03
7.324218750000000000e-03
4.882812500000000000e-03
4.882812500000000000e-03
7.324218750000000000e-03
7.324218750000000000e-03
7.324218750000000000e-03
4.882812500000000000e-03
7.324218750000000000e-03
4.882812500000000000e-03
7.324218750000000000e-03
4.882812500000000000e-03
7.324218750000000000e-03
9.765625000000000000e-03
9.765625000000000000e-03
7.324218750000000000e-03
7.324218750000000000e-03
7.324218750000000000e-03
4.882812500000000000e-03
7.324218750000000000e-03
7.324218750000000000e-03
7.324218750000000000e-03
4.882812500000000000e-03
4.882812500000000000e-03
7.324218750000000000e-03
7.324218750000000000e-03
7.324218750000000000e-03
7.324218750000000000e-03
9.765625000000000000e-03
4.882812500000000000e-03
4.882812500000000000e-03
4.882812500000000000e-03
4.882812500000000000e-03
7.324218750000000000e-03
7.324218750000000000e-03
7.324218750000000000e-03
9.765625000000000000e-03
7.324218750000000000e-03
4.882812500000000000e-03
4.882812500000000000e-03
4.882812500000000000e-03
9.765625000000000000e-03
9.765625000000000000e-03
4.882812500000000000e-03
4.882812500000000000e-03
4.882812500000000000e-03
7.324218750000000000e-03
7.324218750000000000e-03
9.765625000000000000e-03
9.765625000000000000e-03
7.324218750000000000e-03
7.324218750000000000e-03
4.882812500000000000e-03
7.324218750000000000e-03
7.324218750000000000e-03
9.765625000000000000e-03
4.882812500000000000e-03
4.882812500000000000e-03
4.882812500000000000e-03
9.765625000000000000e-03
9.765625000000000000e-03
9.765625000000000000e-03
9.765625000000000000e-03
7.324218750000000000e-03
7.324218750000000000e-03
4.882812500000000000e-03
4.882812500000000000e-03
7.324218750000000000e-03
7.324218750000000000e-03
9.765625000000000000e-03
7.324218750000000000e-03
4.882812500000000000e-03
7.324218750000000000e-03
7.324218750000000000e-03
4.882812500000000000e-03
4.882812500000000000e-03
9.765625000000000000e-03
9.765625000000000000e-03
9.765625000000000000e-03
7.324218750000000000e-03
4.882812500000000000e-03
7.324218750000000000e-03
9.765625000000000000e-03
7.324218750000000000e-03
9.765625000000000000e-03
7.324218750000000000e-03
7.324218750000000000e-03
4.882812500000000000e-03
4.882812500000000000e-03
2.441406250000000000e-03
2.441406250000000000e-03
7.324218750000000000e-03
7.324218750000000000e-03
7.324218750000000000e-03
4.882812500000000000e-03
7.324218750000000000e-03
7.324218750000000000e-03
9.765625000000000000e-03
4.882812500000000000e-03
7.324218750000000000e-03
7.324218750000000000e-03
9.765625000000000000e-03
9.765625000000000000e-03
9.765625000000000000e-03
7.324218750000000000e-03
1.220703125000000000e-02
9.765625000000000000e-03
9.765625000000000000e-03
4.882812500000000000e-03
4.882812500000000000e-03
4.882812500000000000e-03
4.882812500000000000e-03
4.882812500000000000e-03
7.324218750000000000e-03
9.765625000000000000e-03
9.765625000000000000e-03
7.324218750000000000e-03
7.324218750000000000e-03
9.765625000000000000e-03
9.765625000000000000e-03
9.765625000000000000e-03
7.324218750000000000e-03
7.324218750000000000e-03
7.324218750000000000e-03
7.324218750000000000e-03
7.324218750000000000e-03
7.324218750000000000e-03
9.765625000000000000e-03
4.882812500000000000e-03
7.324218750000000000e-03
7.324218750000000000e-03
7.324218750000000000e-03
7.324218750000000000e-03
7.324218750000000000e-03
7.324218750000000000e-03
7.324218750000000000e-03
7.324218750000000000e-03
4.882812500000000000e-03
7.324218750000000000e-03
7.324218750000000000e-03
7.324218750000000000e-03
7.324218750000000000e-03
7.324218750000000000e-03
4.882812500000000000e-03
7.324218750000000000e-03
9.765625000000000000e-03
9.765625000000000000e-03
9.765625000000000000e-03
7.324218750000000000e-03
9.765625000000000000e-03
9.765625000000000000e-03
9.765625000000000000e-03
9.765625000000000000e-03
7.324218750000000000e-03
4.882812500000000000e-03
4.882812500000000000e-03
4.882812500000000000e-03
7.324218750000000000e-03
9.765625000000000000e-03
7.324218750000000000e-03
7.324218750000000000e-03
7.324218750000000000e-03
4.882812500000000000e-03
7.324218750000000000e-03
7.324218750000000000e-03
9.765625000000000000e-03
7.324218750000000000e-03
4.882812500000000000e-03
4.882812500000000000e-03
7.324218750000000000e-03
9.765625000000000000e-03
7.324218750000000000e-03
7.324218750000000000e-03
7.324218750000000000e-03
9.765625000000000000e-03
7.324218750000000000e-03
9.765625000000000000e-03
7.324218750000000000e-03
4.882812500000000000e-03
7.324218750000000000e-03
7.324218750000000000e-03
7.324218750000000000e-03
4.882812500000000000e-03
4.882812500000000000e-03
7.324218750000000000e-03
7.324218750000000000e-03
4.882812500000000000e-03
7.324218750000000000e-03
9.765625000000000000e-03
9.765625000000000000e-03
4.882812500000000000e-03
7.324218750000000000e-03
4.882812500000000000e-03
7.324218750000000000e-03
9.765625000000000000e-03
7.324218750000000000e-03
7.324218750000000000e-03
4.882812500000000000e-03
7.324218750000000000e-03
4.882812500000000000e-03
9.765625000000000000e-03
7.324218750000000000e-03
9.765625000000000000e-03
7.324218750000000000e-03
7.324218750000000000e-03
4.882812500000000000e-03
4.882812500000000000e-03
7.324218750000000000e-03
4.882812500000000000e-03
9.765625000000000000e-03
7.324218750000000000e-03
7.324218750000000000e-03
4.882812500000000000e-03
7.324218750000000000e-03
7.324218750000000000e-03
4.882812500000000000e-03
7.324218750000000000e-03
9.765625000000000000e-03
7.324218750000000000e-03
4.882812500000000000e-03
4.882812500000000000e-03
2.441406250000000000e-03
2.441406250000000000e-03
2.441406250000000000e-03
4.882812500000000000e-03
4.882812500000000000e-03
2.441406250000000000e-03
4.882812500000000000e-03
4.882812500000000000e-03
4.882812500000000000e-03
7.324218750000000000e-03
4.882812500000000000e-03
4.882812500000000000e-03
4.882812500000000000e-03
4.882812500000000000e-03
7.324218750000000000e-03
7.324218750000000000e-03
7.324218750000000000e-03
4.882812500000000000e-03
7.324218750000000000e-03
9.765625000000000000e-03
9.765625000000000000e-03
7.324218750000000000e-03
4.882812500000000000e-03
4.882812500000000000e-03
4.882812500000000000e-03
7.324218750000000000e-03
7.324218750000000000e-03
7.324218750000000000e-03
4.882812500000000000e-03
7.324218750000000000e-03
4.882812500000000000e-03
7.324218750000000000e-03
7.324218750000000000e-03
7.324218750000000000e-03
7.324218750000000000e-03
9.765625000000000000e-03
4.882812500000000000e-03
7.324218750000000000e-03
7.324218750000000000e-03
9.765625000000000000e-03
4.882812500000000000e-03
9.765625000000000000e-03
4.882812500000000000e-03
4.882812500000000000e-03
4.882812500000000000e-03
4.882812500000000000e-03
7.324218750000000000e-03
7.324218750000000000e-03
7.324218750000000000e-03
4.882812500000000000e-03
4.882812500000000000e-03
2.441406250000000000e-03
2.441406250000000000e-03
7.324218750000000000e-03
4.882812500000000000e-03
7.324218750000000000e-03
7.324218750000000000e-03
7.324218750000000000e-03
4.882812500000000000e-03
4.882812500000000000e-03
7.324218750000000000e-03
9.765625000000000000e-03
7.324218750000000000e-03
7.324218750000000000e-03
7.324218750000000000e-03
7.324218750000000000e-03
7.324218750000000000e-03
4.882812500000000000e-03
4.882812500000000000e-03
2.441406250000000000e-03
4.882812500000000000e-03
2.441406250000000000e-03
2.441406250000000000e-03
0.000000000000000000e+00
0.000000000000000000e+00
2.441406250000000000e-03
4.882812500000000000e-03
2.441406250000000000e-03
2.441406250000000000e-03
2.441406250000000000e-03
2.441406250000000000e-03
4.882812500000000000e-03
2.441406250000000000e-03
2.441406250000000000e-03
2.441406250000000000e-03
4.882812500000000000e-03
2.441406250000000000e-03
2.441406250000000000e-03
0.000000000000000000e+00
2.441406250000000000e-03
0.000000000000000000e+00
2.441406250000000000e-03
2.441406250000000000e-03
2.441406250000000000e-03
2.441406250000000000e-03
2.441406250000000000e-03
2.441406250000000000e-03
2.441406250000000000e-03
2.441406250000000000e-03
2.441406250000000000e-03
0.000000000000000000e+00
0.000000000000000000e+00
2.441406250000000000e-03
2.441406250000000000e-03
2.441406250000000000e-03
2.441406250000000000e-03
2.441406250000000000e-03
2.441406250000000000e-03
2.441406250000000000e-03
4.882812500000000000e-03
4.882812500000000000e-03
4.882812500000000000e-03
0.000000000000000000e+00
0.000000000000000000e+00
0.000000000000000000e+00
0.000000000000000000e+00
2.441406250000000000e-03
4.882812500000000000e-03
4.882812500000000000e-03
2.441406250000000000e-03
2.441406250000000000e-03
0.000000000000000000e+00
0.000000000000000000e+00
0.000000000000000000e+00
2.441406250000000000e-03
2.441406250000000000e-03
4.882812500000000000e-03
4.882812500000000000e-03
2.441406250000000000e-03
2.441406250000000000e-03
2.441406250000000000e-03
2.441406250000000000e-03
2.441406250000000000e-03
4.882812500000000000e-03
7.324218750000000000e-03
4.882812500000000000e-03
2.441406250000000000e-03
0.000000000000000000e+00
0.000000000000000000e+00
0.000000000000000000e+00
0.000000000000000000e+00
2.441406250000000000e-03
2.441406250000000000e-03
4.882812500000000000e-03
7.324218750000000000e-03
2.441406250000000000e-03
2.441406250000000000e-03
0.000000000000000000e+00
0.000000000000000000e+00
2.441406250000000000e-03
2.441406250000000000e-03
4.882812500000000000e-03
4.882812500000000000e-03
7.324218750000000000e-03
4.882812500000000000e-03
2.441406250000000000e-03
2.441406250000000000e-03
0.000000000000000000e+00
0.000000000000000000e+00
2.441406250000000000e-03
4.882812500000000000e-03
4.882812500000000000e-03
0.000000000000000000e+00
2.441406250000000000e-03
2.441406250000000000e-03
2.441406250000000000e-03
2.441406250000000000e-03
0.000000000000000000e+00
2.441406250000000000e-03
2.441406250000000000e-03
2.441406250000000000e-03
0.000000000000000000e+00
2.441406250000000000e-03
2.441406250000000000e-03
2.441406250000000000e-03
2.441406250000000000e-03
2.441406250000000000e-03
4.882812500000000000e-03
7.324218750000000000e-03
4.882812500000000000e-03
2.441406250000000000e-03
2.441406250000000000e-03
2.441406250000000000e-03
4.882812500000000000e-03
2.441406250000000000e-03
0.000000000000000000e+00
0.000000000000000000e+00
2.441406250000000000e-03
2.441406250000000000e-03
4.882812500000000000e-03
2.441406250000000000e-03
2.441406250000000000e-03
2.441406250000000000e-03
4.882812500000000000e-03
4.882812500000000000e-03
2.441406250000000000e-03
2.441406250000000000e-03
2.441406250000000000e-03
2.441406250000000000e-03
4.882812500000000000e-03
4.882812500000000000e-03
7.324218750000000000e-03
7.324218750000000000e-03
2.441406250000000000e-03
0.000000000000000000e+00
2.441406250000000000e-03
2.441406250000000000e-03
2.441406250000000000e-03
2.441406250000000000e-03
0.000000000000000000e+00
2.441406250000000000e-03
4.882812500000000000e-03
4.882812500000000000e-03
2.441406250000000000e-03
0.000000000000000000e+00
2.441406250000000000e-03
2.441406250000000000e-03
2.441406250000000000e-03
4.882812500000000000e-03
2.441406250000000000e-03
2.441406250000000000e-03
4.882812500000000000e-03
4.882812500000000000e-03
4.882812500000000000e-03
2.441406250000000000e-03
2.441406250000000000e-03
0.000000000000000000e+00
0.000000000000000000e+00
2.441406250000000000e-03
0.000000000000000000e+00
2.441406250000000000e-03
0.000000000000000000e+00
2.441406250000000000e-03
2.441406250000000000e-03
2.441406250000000000e-03
2.441406250000000000e-03
0.000000000000000000e+00
2.441406250000000000e-03
0.000000000000000000e+00
0.000000000000000000e+00
2.441406250000000000e-03
4.882812500000000000e-03
4.882812500000000000e-03
4.882812500000000000e-03
2.441406250000000000e-03
2.441406250000000000e-03
4.882812500000000000e-03
4.882812500000000000e-03
2.441406250000000000e-03
2.441406250000000000e-03
2.441406250000000000e-03
2.441406250000000000e-03
2.441406250000000000e-03
2.441406250000000000e-03
2.441406250000000000e-03
2.441406250000000000e-03
2.441406250000000000e-03
4.882812500000000000e-03
2.441406250000000000e-03
2.441406250000000000e-03
2.441406250000000000e-03
2.441406250000000000e-03
2.441406250000000000e-03
4.882812500000000000e-03
4.882812500000000000e-03
4.882812500000000000e-03
0.000000000000000000e+00
2.441406250000000000e-03
7.324218750000000000e-03
4.882812500000000000e-03
2.441406250000000000e-03
2.441406250000000000e-03
2.441406250000000000e-03
2.441406250000000000e-03
4.882812500000000000e-03
2.441406250000000000e-03
2.441406250000000000e-03
2.441406250000000000e-03
0.000000000000000000e+00
2.441406250000000000e-03
4.882812500000000000e-03
4.882812500000000000e-03
4.882812500000000000e-03
2.441406250000000000e-03
2.441406250000000000e-03
4.882812500000000000e-03
4.882812500000000000e-03
4.882812500000000000e-03
4.882812500000000000e-03
2.441406250000000000e-03
0.000000000000000000e+00
2.441406250000000000e-03
2.441406250000000000e-03
2.441406250000000000e-03
2.441406250000000000e-03
0.000000000000000000e+00
0.000000000000000000e+00
0.000000000000000000e+00
2.441406250000000000e-03
4.882812500000000000e-03
4.882812500000000000e-03
2.441406250000000000e-03
2.441406250000000000e-03
0.000000000000000000e+00
2.441406250000000000e-03
2.441406250000000000e-03
4.882812500000000000e-03
4.882812500000000000e-03
4.882812500000000000e-03
2.441406250000000000e-03
2.441406250000000000e-03
2.441406250000000000e-03
2.441406250000000000e-03
2.441406250000000000e-03
0.000000000000000000e+00
2.441406250000000000e-03
4.882812500000000000e-03
2.441406250000000000e-03
0.000000000000000000e+00
0.000000000000000000e+00
2.441406250000000000e-03
2.441406250000000000e-03
2.441406250000000000e-03
2.441406250000000000e-03
4.882812500000000000e-03
4.882812500000000000e-03
4.882812500000000000e-03
2.441406250000000000e-03
2.441406250000000000e-03
2.441406250000000000e-03
4.882812500000000000e-03
2.441406250000000000e-03
2.441406250000000000e-03
2.441406250000000000e-03
4.882812500000000000e-03
2.441406250000000000e-03
2.441406250000000000e-03
0.000000000000000000e+00
2.441406250000000000e-03
2.441406250000000000e-03
0.000000000000000000e+00
2.441406250000000000e-03
2.441406250000000000e-03
4.882812500000000000e-03
2.441406250000000000e-03
2.441406250000000000e-03
0.000000000000000000e+00
0.000000000000000000e+00
0.000000000000000000e+00
2.441406250000000000e-03
0.000000000000000000e+00
0.000000000000000000e+00
0.000000000000000000e+00
2.441406250000000000e-03
2.441406250000000000e-03
2.441406250000000000e-03
0.000000000000000000e+00
2.441406250000000000e-03
2.441406250000000000e-03
4.882812500000000000e-03
4.882812500000000000e-03
4.882812500000000000e-03
0.000000000000000000e+00
0.000000000000000000e+00
0.000000000000000000e+00
-2.441406250000000000e-03
2.441406250000000000e-03
2.441406250000000000e-03
2.441406250000000000e-03
0.000000000000000000e+00
0.000000000000000000e+00
0.000000000000000000e+00
0.000000000000000000e+00
2.441406250000000000e-03
2.441406250000000000e-03
0.000000000000000000e+00
-2.441406250000000000e-03
0.000000000000000000e+00
0.000000000000000000e+00
2.441406250000000000e-03
4.882812500000000000e-03
2.441406250000000000e-03
2.441406250000000000e-03
2.441406250000000000e-03
0.000000000000000000e+00
-2.441406250000000000e-03
0.000000000000000000e+00
0.000000000000000000e+00
2.441406250000000000e-03
2.441406250000000000e-03
2.441406250000000000e-03
0.000000000000000000e+00
0.000000000000000000e+00
-2.441406250000000000e-03
2.441406250000000000e-03
0.000000000000000000e+00
0.000000000000000000e+00
0.000000000000000000e+00
0.000000000000000000e+00
0.000000000000000000e+00
-2.441406250000000000e-03
2.441406250000000000e-03
2.441406250000000000e-03
2.441406250000000000e-03
2.441406250000000000e-03
0.000000000000000000e+00
0.000000000000000000e+00
0.000000000000000000e+00
0.000000000000000000e+00
2.441406250000000000e-03
2.441406250000000000e-03
0.000000000000000000e+00
2.441406250000000000e-03
2.441406250000000000e-03
2.441406250000000000e-03
2.441406250000000000e-03
0.000000000000000000e+00
0.000000000000000000e+00
-2.441406250000000000e-03
0.000000000000000000e+00
2.441406250000000000e-03
2.441406250000000000e-03
2.441406250000000000e-03
2.441406250000000000e-03
0.000000000000000000e+00
2.441406250000000000e-03
0.000000000000000000e+00
0.000000000000000000e+00
0.000000000000000000e+00
2.441406250000000000e-03
0.000000000000000000e+00
0.000000000000000000e+00
0.000000000000000000e+00
0.000000000000000000e+00
0.000000000000000000e+00
0.000000000000000000e+00
0.000000000000000000e+00
0.000000000000000000e+00
-2.441406250000000000e-03
0.000000000000000000e+00
-2.441406250000000000e-03
0.000000000000000000e+00
2.441406250000000000e-03
0.000000000000000000e+00
0.000000000000000000e+00
0.000000000000000000e+00
0.000000000000000000e+00
2.441406250000000000e-03
2.441406250000000000e-03
0.000000000000000000e+00
-2.441406250000000000e-03
0.000000000000000000e+00
0.000000000000000000e+00
0.000000000000000000e+00
-2.441406250000000000e-03
-2.441406250000000000e-03
-2.441406250000000000e-03
0.000000000000000000e+00
0.000000000000000000e+00
2.441406250000000000e-03
2.441406250000000000e-03
0.000000000000000000e+00
0.000000000000000000e+00
-2.441406250000000000e-03
-2.441406250000000000e-03
0.000000000000000000e+00
0.000000000000000000e+00
2.441406250000000000e-03
0.000000000000000000e+00
0.000000000000000000e+00
-2.441406250000000000e-03
0.000000000000000000e+00
2.441406250000000000e-03
2.441406250000000000e-03
2.441406250000000000e-03
0.000000000000000000e+00
0.000000000000000000e+00
-4.882812500000000000e-03
-2.441406250000000000e-03
-2.441406250000000000e-03
0.000000000000000000e+00
0.000000000000000000e+00
0.000000000000000000e+00
-4.882812500000000000e-03
-2.441406250000000000e-03
-2.441406250000000000e-03
0.000000000000000000e+00
0.000000000000000000e+00
-2.441406250000000000e-03
-2.441406250000000000e-03
-2.441406250000000000e-03
-2.441406250000000000e-03
0.000000000000000000e+00
0.000000000000000000e+00
2.441406250000000000e-03
-2.441406250000000000e-03
-2.441406250000000000e-03
-2.441406250000000000e-03
-4.882812500000000000e-03
-4.882812500000000000e-03
-2.441406250000000000e-03
0.000000000000000000e+00
0.000000000000000000e+00
-2.441406250000000000e-03
0.000000000000000000e+00
-2.441406250000000000e-03
0.000000000000000000e+00
0.000000000000000000e+00
-2.441406250000000000e-03
-2.441406250000000000e-03
-2.441406250000000000e-03
2.441406250000000000e-03
2.441406250000000000e-03
2.441406250000000000e-03
2.441406250000000000e-03
0.000000000000000000e+00
0.000000000000000000e+00
2.441406250000000000e-03
0.000000000000000000e+00
-2.441406250000000000e-03
-2.441406250000000000e-03
-4.882812500000000000e-03
0.000000000000000000e+00
0.000000000000000000e+00
0.000000000000000000e+00
0.000000000000000000e+00
-2.441406250000000000e-03
-2.441406250000000000e-03
-2.441406250000000000e-03
-2.441406250000000000e-03
-2.441406250000000000e-03
0.000000000000000000e+00
-4.882812500000000000e-03
-7.324218750000000000e-03
-7.324218750000000000e-03
-4.882812500000000000e-03
-2.441406250000000000e-03
-2.441406250000000000e-03
-2.441406250000000000e-03
-2.441406250000000000e-03
-4.882812500000000000e-03
-4.882812500000000000e-03
-4.882812500000000000e-03
-7.324218750000000000e-03
-4.882812500000000000e-03
-2.441406250000000000e-03
0.000000000000000000e+00
0.000000000000000000e+00
-2.441406250000000000e-03
-4.882812500000000000e-03
-2.441406250000000000e-03
-4.882812500000000000e-03
-2.441406250000000000e-03
-2.441406250000000000e-03
0.000000000000000000e+00
0.000000000000000000e+00
-2.441406250000000000e-03
-2.441406250000000000e-03
-2.441406250000000000e-03
0.000000000000000000e+00
0.000000000000000000e+00
0.000000000000000000e+00
-2.441406250000000000e-03
0.000000000000000000e+00
-2.441406250000000000e-03
-2.441406250000000000e-03
0.000000000000000000e+00
0.000000000000000000e+00
0.000000000000000000e+00
-4.882812500000000000e-03
-4.882812500000000000e-03
-2.441406250000000000e-03
-2.441406250000000000e-03
0.000000000000000000e+00
0.000000000000000000e+00
0.000000000000000000e+00
0.000000000000000000e+00
0.000000000000000000e+00
-2.441406250000000000e-03
-2.441406250000000000e-03
-2.441406250000000000e-03
-2.441406250000000000e-03
0.000000000000000000e+00
-2.441406250000000000e-03
-4.882812500000000000e-03
-4.882812500000000000e-03
-2.441406250000000000e-03
-4.882812500000000000e-03
-4.882812500000000000e-03
-4.882812500000000000e-03
-4.882812500000000000e-03
-4.882812500000000000e-03
-4.882812500000000000e-03
-2.441406250000000000e-03
-2.441406250000000000e-03
-4.882812500000000000e-03
-7.324218750000000000e-03
-4.882812500000000000e-03
-4.882812500000000000e-03
-4.882812500000000000e-03
-4.882812500000000000e-03
-2.441406250000000000e-03
-4.882812500000000000e-03
-2.441406250000000000e-03
-2.441406250000000000e-03
-7.324218750000000000e-03
-4.882812500000000000e-03
-4.882812500000000000e-03
-2.441406250000000000e-03
-2.441406250000000000e-03
-4.882812500000000000e-03
-4.882812500000000000e-03
-7.324218750000000000e-03
-4.882812500000000000e-03
-4.882812500000000000e-03
-2.441406250000000000e-03
-7.324218750000000000e-03
-2.441406250000000000e-03
-2.441406250000000000e-03
-2.441406250000000000e-03
-4.882812500000000000e-03
-4.882812500000000000e-03
-4.882812500000000000e-03
-2.441406250000000000e-03
-2.441406250000000000e-03
-2.441406250000000000e-03
-4.882812500000000000e-03
-4.882812500000000000e-03
-2.441406250000000000e-03
0.000000000000000000e+00
0.000000000000000000e+00
2.441406250000000000e-03
-2.441406250000000000e-03
-2.441406250000000000e-03
-4.882812500000000000e-03
-7.324218750000000000e-03
-4.882812500000000000e-03
-2.441406250000000000e-03
-2.441406250000000000e-03
-2.441406250000000000e-03
-7.324218750000000000e-03
-7.324218750000000000e-03
-7.324218750000000000e-03
-4.882812500000000000e-03
-2.441406250000000000e-03
-2.441406250000000000e-03
-2.441406250000000000e-03
-4.882812500000000000e-03
-4.882812500000000000e-03
-2.441406250000000000e-03
-2.441406250000000000e-03
-2.441406250000000000e-03
-4.882812500000000000e-03
-4.882812500000000000e-03
-7.324218750000000000e-03
-4.882812500000000000e-03
-2.441406250000000000e-03
-2.441406250000000000e-03
-4.882812500000000000e-03
-7.324218750000000000e-03
-7.324218750000000000e-03
-7.324218750000000000e-03
-4.882812500000000000e-03
-4.882812500000000000e-03
-2.441406250000000000e-03
-2.441406250000000000e-03
-4.882812500000000000e-03
-4.882812500000000000e-03
-4.882812500000000000e-03
-7.324218750000000000e-03
-2.441406250000000000e-03
-4.882812500000000000e-03
-2.441406250000000000e-03
-4.882812500000000000e-03
-4.882812500000000000e-03
-4.882812500000000000e-03
-4.882812500000000000e-03
-2.441406250000000000e-03
-4.882812500000000000e-03
-4.882812500000000000e-03
-7.324218750000000000e-03
-7.324218750000000000e-03
-7.324218750000000000e-03
-4.882812500000000000e-03
-4.882812500000000000e-03
-4.882812500000000000e-03
-2.441406250000000000e-03
-4.882812500000000000e-03
-4.882812500000000000e-03
-4.882812500000000000e-03
-4.882812500000000000e-03
-4.882812500000000000e-03
-4.882812500000000000e-03
-7.324218750000000000e-03
-7.324218750000000000e-03
-4.882812500000000000e-03
-2.441406250000000000e-03
-4.882812500000000000e-03
-4.882812500000000000e-03
-7.324218750000000000e-03
-4.882812500000000000e-03
-7.324218750000000000e-03
-2.441406250000000000e-03
-4.882812500000000000e-03
-4.882812500000000000e-03
-4.882812500000000000e-03
-4.882812500000000000e-03
-4.882812500000000000e-03
-4.882812500000000000e-03
-2.441406250000000000e-03
-2.441406250000000000e-03
-2.441406250000000000e-03
-4.882812500000000000e-03
-4.882812500000000000e-03
-7.324218750000000000e-03
-7.324218750000000000e-03
-4.882812500000000000e-03
-2.441406250000000000e-03
-2.441406250000000000e-03
-4.882812500000000000e-03
-4.882812500000000000e-03
-4.882812500000000000e-03
-4.882812500000000000e-03
-4.882812500000000000e-03
-7.324218750000000000e-03
-7.324218750000000000e-03
-7.324218750000000000e-03
-7.324218750000000000e-03
-7.324218750000000000e-03
-7.324218750000000000e-03
-7.324218750000000000e-03
-7.324218750000000000e-03
-7.324218750000000000e-03
-4.882812500000000000e-03
-4.882812500000000000e-03
-2.441406250000000000e-03
-2.441406250000000000e-03
-7.324218750000000000e-03
-7.324218750000000000e-03
-9.765625000000000000e-03
-7.324218750000000000e-03
-4.882812500000000000e-03
-4.882812500000000000e-03
-4.882812500000000000e-03
-7.324218750000000000e-03
-4.882812500000000000e-03
-7.324218750000000000e-03
-2.441406250000000000e-03
-4.882812500000000000e-03
-7.324218750000000000e-03
-7.324218750000000000e-03
-7.324218750000000000e-03
-7.324218750000000000e-03
-7.324218750000000000e-03
-4.882812500000000000e-03
-4.882812500000000000e-03
-4.882812500000000000e-03
-7.324218750000000000e-03
-9.765625000000000000e-03
-7.324218750000000000e-03
-9.765625000000000000e-03
-4.882812500000000000e-03
-4.882812500000000000e-03
-2.441406250000000000e-03
-4.882812500000000000e-03
-7.324218750000000000e-03
-7.324218750000000000e-03
-7.324218750000000000e-03
-7.324218750000000000e-03
-4.882812500000000000e-03
-4.882812500000000000e-03
-4.882812500000000000e-03
-4.882812500000000000e-03
-7.324218750000000000e-03
-9.765625000000000000e-03
-9.765625000000000000e-03
-7.324218750000000000e-03
-7.324218750000000000e-03
-7.324218750000000000e-03
-7.324218750000000000e-03
-7.324218750000000000e-03
-7.324218750000000000e-03
-7.324218750000000000e-03
-7.324218750000000000e-03
-7.324218750000000000e-03
-4.882812500000000000e-03
-4.882812500000000000e-03
-4.882812500000000000e-03
-7.324218750000000000e-03
-4.882812500000000000e-03
-4.882812500000000000e-03
-4.882812500000000000e-03
-9.765625000000000000e-03
-7.324218750000000000e-03
-7.324218750000000000e-03
-4.882812500000000000e-03
-7.324218750000000000e-03
-7.324218750000000000e-03
-7.324218750000000000e-03
-7.324218750000000000e-03
-4.882812500000000000e-03
-4.882812500000000000e-03
-4.882812500000000000e-03
-7.324218750000000000e-03
-4.882812500000000000e-03
-7.324218750000000000e-03
-7.324218750000000000e-03
-7.324218750000000000e-03
-9.765625000000000000e-03
-7.324218750000000000e-03
-2.441406250000000000e-03
-2.441406250000000000e-03
-7.324218750000000000e-03
-9.765625000000000000e-03
-9.765625000000000000e-03
-9.765625000000000000e-03
-9.765625000000000000e-03
-7.324218750000000000e-03
-7.324218750000000000e-03
-9.765625000000000000e-03
-7.324218750000000000e-03
-7.324218750000000000e-03
-7.324218750000000000e-03
-7.324218750000000000e-03
-7.324218750000000000e-03
-7.324218750000000000e-03
-9.765625000000000000e-03
-7.324218750000000000e-03
-9.765625000000000000e-03
-7.324218750000000000e-03
-7.324218750000000000e-03
-4.882812500000000000e-03
-7.324218750000000000e-03
-4.882812500000000000e-03
-4.882812500000000000e-03
-7.324218750000000000e-03
-9.765625000000000000e-03
-9.765625000000000000e-03
-9.765625000000000000e-03
-7.324218750000000000e-03
-4.882812500000000000e-03
-7.324218750000000000e-03
-9.765625000000000000e-03
-9.765625000000000000e-03
-9.765625000000000000e-03
-7.324218750000000000e-03
-9.765625000000000000e-03
-9.765625000000000000e-03
-9.765625000000000000e-03
-7.324218750000000000e-03
-4.882812500000000000e-03
-9.765625000000000000e-03
-7.324218750000000000e-03
-7.324218750000000000e-03
-4.882812500000000000e-03
-7.324218750000000000e-03
-7.324218750000000000e-03
-7.324218750000000000e-03
-4.882812500000000000e-03
-4.882812500000000000e-03
-7.324218750000000000e-03
-7.324218750000000000e-03
-7.324218750000000000e-03
-4.882812500000000000e-03
-4.882812500000000000e-03
-7.324218750000000000e-03
-7.324218750000000000e-03
-7.324218750000000000e-03
-7.324218750000000000e-03
-9.765625000000000000e-03
-4.882812500000000000e-03
-7.324218750000000000e-03
-4.882812500000000000e-03
-4.882812500000000000e-03
-7.324218750000000000e-03
-7.324218750000000000e-03
-4.882812500000000000e-03
-4.882812500000000000e-03
-4.882812500000000000e-03
-7.324218750000000000e-03
-7.324218750000000000e-03
-7.324218750000000000e-03
-7.324218750000000000e-03
-7.324218750000000000e-03
-4.882812500000000000e-03
-4.882812500000000000e-03
-7.324218750000000000e-03
-7.324218750000000000e-03
-7.324218750000000000e-03
-7.324218750000000000e-03
-4.882812500000000000e-03
-7.324218750000000000e-03
-7.324218750000000000e-03
-7.324218750000000000e-03
-7.324218750000000000e-03
-7.324218750000000000e-03
-4.882812500000000000e-03
-4.882812500000000000e-03
-7.324218750000000000e-03
-7.324218750000000000e-03
-7.324218750000000000e-03
-9.765625000000000000e-03
-7.324218750000000000e-03
-4.882812500000000000e-03
-4.882812500000000000e-03
-7.324218750000000000e-03
-7.324218750000000000e-03
-9.765625000000000000e-03
-7.324218750000000000e-03
-7.324218750000000000e-03
-7.324218750000000000e-03
-7.324218750000000000e-03
-7.324218750000000000e-03
-4.882812500000000000e-03
-4.882812500000000000e-03
-7.324218750000000000e-03
-7.324218750000000000e-03
-4.882812500000000000e-03
-2.441406250000000000e-03
-4.882812500000000000e-03
-7.324218750000000000e-03
-7.324218750000000000e-03
-7.324218750000000000e-03
-7.324218750000000000e-03
-4.882812500000000000e-03
-7.324218750000000000e-03
-9.765625000000000000e-03
-7.324218750000000000e-03
-9.765625000000000000e-03
-7.324218750000000000e-03
-7.324218750000000000e-03
-7.324218750000000000e-03
-7.324218750000000000e-03
-7.324218750000000000e-03
-9.765625000000000000e-03
-9.765625000000000000e-03
-9.765625000000000000e-03
-7.324218750000000000e-03
-4.882812500000000000e-03
-4.882812500000000000e-03
-9.765625000000000000e-03
-9.765625000000000000e-03
-9.765625000000000000e-03
-7.324218750000000000e-03
-7.324218750000000000e-03
-7.324218750000000000e-03
-4.882812500000000000e-03
-4.882812500000000000e-03
-7.324218750000000000e-03
-7.324218750000000000e-03
-4.882812500000000000e-03
-4.882812500000000000e-03
-7.324218750000000000e-03
-7.324218750000000000e-03
-9.765625000000000000e-03
-7.324218750000000000e-03
-7.324218750000000000e-03
-7.324218750000000000e-03
-7.324218750000000000e-03
-9.765625000000000000e-03
-7.324218750000000000e-03
-7.324218750000000000e-03
-7.324218750000000000e-03
-4.882812500000000000e-03
-7.324218750000000000e-03
-7.324218750000000000e-03
-7.324218750000000000e-03
-7.324218750000000000e-03
-4.882812500000000000e-03
-4.882812500000000000e-03
-4.882812500000000000e-03
-7.324218750000000000e-03
-7.324218750000000000e-03
-7.324218750000000000e-03
-7.324218750000000000e-03
-4.882812500000000000e-03
-4.882812500000000000e-03
-7.324218750000000000e-03
-9.765625000000000000e-03
-9.765625000000000000e-03
-9.765625000000000000e-03
-9.765625000000000000e-03
-7.324218750000000000e-03
-7.324218750000000000e-03
-7.324218750000000000e-03
-9.765625000000000000e-03
-9.765625000000000000e-03
-7.324218750000000000e-03
-7.324218750000000000e-03
-7.324218750000000000e-03
-7.324218750000000000e-03
-9.765625000000000000e-03
-7.324218750000000000e-03
-7.324218750000000000e-03
-1.220703125000000000e-02
-9.765625000000000000e-03
-9.765625000000000000e-03
-7.324218750000000000e-03
-7.324218750000000000e-03
-9.765625000000000000e-03
-9.765625000000000000e-03
-7.324218750000000000e-03
-7.324218750000000000e-03
-9.765625000000000000e-03
-9.765625000000000000e-03
-9.765625000000000000e-03
-9.765625000000000000e-03
-7.324218750000000000e-03
-7.324218750000000000e-03
-7.324218750000000000e-03
-7.324218750000000000e-03
-9.765625000000000000e-03
-9.765625000000000000e-03
-9.765625000000000000e-03
-9.765625000000000000e-03
-7.324218750000000000e-03
-7.324218750000000000e-03
-7.324218750000000000e-03
-9.765625000000000000e-03
-9.765625000000000000e-03
-1.220703125000000000e-02
-9.765625000000000000e-03
-9.765625000000000000e-03
-7.324218750000000000e-03
-9.765625000000000000e-03
-9.765625000000000000e-03
-9.765625000000000000e-03
-7.324218750000000000e-03
-7.324218750000000000e-03
-9.765625000000000000e-03
-9.765625000000000000e-03
-7.324218750000000000e-03
-7.324218750000000000e-03
-7.324218750000000000e-03
-9.765625000000000000e-03
-9.765625000000000000e-03
-7.324218750000000000e-03
-7.324218750000000000e-03
-7.324218750000000000e-03
-4.882812500000000000e-03
-7.324218750000000000e-03
-7.324218750000000000e-03
-7.324218750000000000e-03
-9.765625000000000000e-03
-9.765625000000000000e-03
-7.324218750000000000e-03
-7.324218750000000000e-03
-9.765625000000000000e-03
-9.765625000000000000e-03
-9.765625000000000000e-03
-9.765625000000000000e-03
-9.765625000000000000e-03
-7.324218750000000000e-03
-9.765625000000000000e-03
-1.220703125000000000e-02
-1.220703125000000000e-02
-9.765625000000000000e-03
-9.765625000000000000e-03
-7.324218750000000000e-03
-9.765625000000000000e-03
-7.324218750000000000e-03
-7.324218750000000000e-03
-7.324218750000000000e-03
-9.765625000000000000e-03
-1.220703125000000000e-02
-1.220703125000000000e-02
-1.464843750000000000e-02
-1.220703125000000000e-02
-1.220703125000000000e-02
-9.765625000000000000e-03
-7.324218750000000000e-03
-7.324218750000000000e-03
-9.765625000000000000e-03
-9.765625000000000000e-03
-9.765625000000000000e-03
-1.220703125000000000e-02
-7.324218750000000000e-03
-9.765625000000000000e-03
-9.765625000000000000e-03
-9.765625000000000000e-03
-9.765625000000000000e-03
-7.324218750000000000e-03
-7.324218750000000000e-03
-7.324218750000000000e-03
-9.765625000000000000e-03
-9.765625000000000000e-03
-1.220703125000000000e-02
-7.324218750000000000e-03
-9.765625000000000000e-03
-1.220703125000000000e-02
-1.220703125000000000e-02
-1.708984375000000000e-02
-1.464843750000000000e-02
-1.708984375000000000e-02
-1.464843750000000000e-02
-1.220703125000000000e-02
-1.220703125000000000e-02
-1.464843750000000000e-02
-1.464843750000000000e-02
-1.464843750000000000e-02
-9.765625000000000000e-03
-1.220703125000000000e-02
-9.765625000000000000e-03
-1.464843750000000000e-02
-1.220703125000000000e-02
-1.220703125000000000e-02
-1.464843750000000000e-02
-1.220703125000000000e-02
-1.708984375000000000e-02
-9.765625000000000000e-03
-1.220703125000000000e-02
-1.464843750000000000e-02
-1.464843750000000000e-02
-1.220703125000000000e-02
-1.220703125000000000e-02
-1.464843750000000000e-02
-1.464843750000000000e-02
-1.464843750000000000e-02
-1.464843750000000000e-02
-1.220703125000000000e-02
-1.464843750000000000e-02
-1.220703125000000000e-02
-1.220703125000000000e-02
-1.464843750000000000e-02
-1.708984375000000000e-02
-1.708984375000000000e-02
-1.220703125000000000e-02
-1.220703125000000000e-02
-1.220703125000000000e-02
-1.220703125000000000e-02
-1.464843750000000000e-02
-1.464843750000000000e-02
-1.708984375000000000e-02
-1.464843750000000000e-02
-1.464843750000000000e-02
-1.220703125000000000e-02
-1.220703125000000000e-02
-1.220703125000000000e-02
-1.220703125000000000e-02
-1.220703125000000000e-02
-1.464843750000000000e-02
-1.464843750000000000e-02
-1.464843750000000000e-02
-1.464843750000000000e-02
-1.464843750000000000e-02
-1.464843750000000000e-02
-1.464843750000000000e-02
-1.708984375000000000e-02
-1.220703125000000000e-02
-1.220703125000000000e-02
-1.220703125000000000e-02
-1.220703125000000000e-02
-1.220703125000000000e-02
-1.464843750000000000e-02
-1.464843750000000000e-02
-1.708984375000000000e-02
-1.464843750000000000e-02
-1.464843750000000000e-02
-1.464843750000000000e-02
-1.464843750000000000e-02
-1.220703125000000000e-02
-1.464843750000000000e-02
-1.464843750000000000e-02
-1.464843750000000000e-02
-1.464843750000000000e-02
-1.464843750000000000e-02
-1.464843750000000000e-02
-1.464843750000000000e-02
-1.464843750000000000e-02
-1.464843750000000000e-02
-1.220703125000000000e-02
-1.220703125000000000e-02
-1.464843750000000000e-02
-1.464843750000000000e-02
-1.220703125000000000e-02
-1.220703125000000000e-02
-1.464843750000000000e-02
-1.708984375000000000e-02
-1.708984375000000000e-02
-1.708984375000000000e-02
-1.708984375000000000e-02
-1.708984375000000000e-02
-1.464843750000000000e-02
-1.220703125000000000e-02
-1.464843750000000000e-02
-1.708984375000000000e-02
-1.464843750000000000e-02
-1.708984375000000000e-02
-1.708984375000000000e-02
-1.220703125000000000e-02
-1.464843750000000000e-02
-1.708984375000000000e-02
-1.708984375000000000e-02
-1.220703125000000000e-02
-1.220703125000000000e-02
-1.220703125000000000e-02
-1.220703125000000000e-02
-1.464843750000000000e-02
-1.708984375000000000e-02
-1.708984375000000000e-02
-1.708984375000000000e-02
-1.708984375000000000e-02
-1.464843750000000000e-02
-1.464843750000000000e-02
-1.464843750000000000e-02
-1.708984375000000000e-02
-1.708984375000000000e-02
-1.953125000000000000e-02
-1.464843750000000000e-02
-1.464843750000000000e-02
-1.464843750000000000e-02
-1.220703125000000000e-02
-1.220703125000000000e-02
-1.464843750000000000e-02
-1.464843750000000000e-02
-1.708984375000000000e-02
-1.708984375000000000e-02
-1.464843750000000000e-02
-1.464843750000000000e-02
-1.220703125000000000e-02
-1.220703125000000000e-02
-1.464843750000000000e-02
-1.464843750000000000e-02
-1.464843750000000000e-02
-1.464843750000000000e-02
-1.708984375000000000e-02
-1.708984375000000000e-02
-1.953125000000000000e-02
-1.708984375000000000e-02
-1.464843750000000000e-02
-1.464843750000000000e-02
-1.220703125000000000e-02
-1.220703125000000000e-02
-1.464843750000000000e-02
-1.464843750000000000e-02
-1.708984375000000000e-02
-1.708984375000000000e-02
-1.708984375000000000e-02
-1.464843750000000000e-02
-1.464843750000000000e-02
-1.464843750000000000e-02
-1.464843750000000000e-02
-1.708984375000000000e-02
-1.464843750000000000e-02
-1.708984375000000000e-02
-1.708984375000000000e-02
-1.708984375000000000e-02
-1.464843750000000000e-02
-1.464843750000000000e-02
-1.220703125000000000e-02
-1.464843750000000000e-02
-1.464843750000000000e-02
-1.708984375000000000e-02
-1.464843750000000000e-02
-1.708984375000000000e-02
-1.708984375000000000e-02
-1.708984375000000000e-02
-1.464843750000000000e-02
-1.464843750000000000e-02
-1.708984375000000000e-02
-1.708984375000000000e-02
-1.708984375000000000e-02
-1.953125000000000000e-02
-1.464843750000000000e-02
-1.220703125000000000e-02
-1.464843750000000000e-02
-1.464843750000000000e-02
-1.220703125000000000e-02
-1.708984375000000000e-02
-1.708984375000000000e-02
-1.953125000000000000e-02
-1.708984375000000000e-02
-1.464843750000000000e-02
-1.464843750000000000e-02
-1.464843750000000000e-02
-1.464843750000000000e-02
-1.708984375000000000e-02
-1.708984375000000000e-02
-1.464843750000000000e-02
-1.708984375000000000e-02
-1.708984375000000000e-02
-1.708984375000000000e-02
-1.708984375000000000e-02
-1.953125000000000000e-02
-1.708984375000000000e-02
-1.464843750000000000e-02
-1.464843750000000000e-02
-1.220703125000000000e-02
-1.464843750000000000e-02
-1.708984375000000000e-02
-1.708984375000000000e-02
-1.708984375000000000e-02
-1.708984375000000000e-02
-1.708984375000000000e-02
-1.708984375000000000e-02
-1.708984375000000000e-02
-1.953125000000000000e-02
-1.953125000000000000e-02
-1.464843750000000000e-02
-1.708984375000000000e-02
-1.708984375000000000e-02
-1.953125000000000000e-02
-1.464843750000000000e-02
-1.708984375000000000e-02
-1.953125000000000000e-02
-1.708984375000000000e-02
-1.708984375000000000e-02
-1.708984375000000000e-02
-1.464843750000000000e-02
-1.953125000000000000e-02
-1.953125000000000000e-02
-1.708984375000000000e-02
-1.708984375000000000e-02
-1.953125000000000000e-02
-1.953125000000000000e-02
-1.953125000000000000e-02
-1.953125000000000000e-02
-1.953125000000000000e-02
-1.708984375000000000e-02
-1.708984375000000000e-02
-1.953125000000000000e-02
-2.197265625000000000e-02
-1.953125000000000000e-02
-2.197265625000000000e-02
-1.708984375000000000e-02
-1.953125000000000000e-02
-1.708984375000000000e-02
-1.953125000000000000e-02
-2.197265625000000000e-02
-1.953125000000000000e-02
-1.953125000000000000e-02
-1.708984375000000000e-02
-1.953125000000000000e-02
-1.953125000000000000e-02
-2.197265625000000000e-02
-2.197265625000000000e-02
-2.197265625000000000e-02
-1.953125000000000000e-02
-1.953125000000000000e-02
-2.197265625000000000e-02
-2.441406250000000000e-02
-2.197265625000000000e-02
-2.197265625000000000e-02
-2.197265625000000000e-02
-1.953125000000000000e-02
-1.953125000000000000e-02
-2.197265625000000000e-02
-2.197265625000000000e-02
-2.197265625000000000e-02
-2.197265625000000000e-02
-1.953125000000000000e-02
-1.953125000000000000e-02
-1.953125000000000000e-02
-2.197265625000000000e-02
-1.953125000000000000e-02
-1.953125000000000000e-02
-1.953125000000000000e-02
-2.197265625000000000e-02
-1.953125000000000000e-02
-2.197265625000000000e-02
-2.441406250000000000e-02
-2.197265625000000000e-02
-2.197265625000000000e-02
-1.953125000000000000e-02
-1.953125000000000000e-02
-1.953125000000000000e-02
-2.197265625000000000e-02
-2.197265625000000000e-02
-2.197265625000000000e-02
-2.197265625000000000e-02
-2.197265625000000000e-02
-1.708984375000000000e-02
-1.953125000000000000e-02
-1.953125000000000000e-02
-2.197265625000000000e-02
-2.441406250000000000e-02
-1.953125000000000000e-02
-1.708984375000000000e-02
-1.953125000000000000e-02
-1.708984375000000000e-02
-1.953125000000000000e-02
-1.953125000000000000e-02
-2.197265625000000000e-02
-1.953125000000000000e-02
-2.197265625000000000e-02
-1.953125000000000000e-02
-1.953125000000000000e-02
-2.197265625000000000e-02
-2.197265625000000000e-02
-2.197265625000000000e-02
-1.953125000000000000e-02
-1.953125000000000000e-02
-2.197265625000000000e-02
-2.197265625000000000e-02
-2.197265625000000000e-02
-2.197265625000000000e-02
-2.197265625000000000e-02
-2.197265625000000000e-02
-2.197265625000000000e-02
-1.953125000000000000e-02
-1.953125000000000000e-02
-1.953125000000000000e-02
-1.953125000000000000e-02
-1.953125000000000000e-02
-2.197265625000000000e-02
-2.197265625000000000e-02
-2.441406250000000000e-02
-2.441406250000000000e-02
-2.197265625000000000e-02
-2.197265625000000000e-02
-1.953125000000000000e-02
-2.197265625000000000e-02
-2.197265625000000000e-02
-2.197265625000000000e-02
-2.197265625000000000e-02
-2.197265625000000000e-02
-2.197265625000000000e-02
-2.441406250000000000e-02
-2.197265625000000000e-02
-2.197265625000000000e-02
-2.197265625000000000e-02
-1.953125000000000000e-02
-1.708984375000000000e-02
-1.708984375000000000e-02
-2.197265625000000000e-02
-2.197265625000000000e-02
-2.441406250000000000e-02
-2.441406250000000000e-02
-2.441406250000000000e-02
-2.197265625000000000e-02
-2.197265625000000000e-02
-1.953125000000000000e-02
-2.441406250000000000e-02
-2.441406250000000000e-02
-2.441406250000000000e-02
-2.197265625000000000e-02
-2.197265625000000000e-02
-2.197265625000000000e-02
-2.441406250000000000e-02
-2.441406250000000000e-02
-2.197265625000000000e-02
-2.197265625000000000e-02
-1.953125000000000000e-02
-1.953125000000000000e-02
-2.197265625000000000e-02
-2.197265625000000000e-02
-2.441406250000000000e-02
-2.197265625000000000e-02
-2.197265625000000000e-02
-2.197265625000000000e-02
-2.441406250000000000e-02
-2.685546875000000000e-02
-2.685546875000000000e-02
-2.441406250000000000e-02
-2.441406250000000000e-02
-2.197265625000000000e-02
-1.953125000000000000e-02
-2.197265625000000000e-02
-2.197265625000000000e-02
-2.441406250000000000e-02
-2.441406250000000000e-02
-2.197265625000000000e-02
-1.953125000000000000e-02
-2.197265625000000000e-02
-2.197265625000000000e-02
-2.197265625000000000e-02
-2.441406250000000000e-02
-2.197265625000000000e-02
-2.197265625000000000e-02
-1.953125000000000000e-02
-1.953125000000000000e-02
-1.953125000000000000e-02
-2.197265625000000000e-02
-2.441406250000000000e-02
-2.441406250000000000e-02
-2.441406250000000000e-02
-2.441406250000000000e-02
-2.197265625000000000e-02
-2.197265625000000000e-02
-2.197265625000000000e-02
-2.441406250000000000e-02
-2.441406250000000000e-02
-2.197265625000000000e-02
-2.441406250000000000e-02
-2.441406250000000000e-02
-2.441406250000000000e-02
-2.441406250000000000e-02
-2.441406250000000000e-02
-1.953125000000000000e-02
-2.197265625000000000e-02
-2.197265625000000000e-02
-2.441406250000000000e-02
-2.441406250000000000e-02
-2.441406250000000000e-02
-2.197265625000000000e-02
-2.197265625000000000e-02
-2.685546875000000000e-02
-2.441406250000000000e-02
-2.441406250000000000e-02
-2.197265625000000000e-02
-2.197265625000000000e-02
-2.441406250000000000e-02
-2.441406250000000000e-02
-2.441406250000000000e-02
-2.441406250000000000e-02
-2.685546875000000000e-02
-2.441406250000000000e-02
-2.197265625000000000e-02
-2.197265625000000000e-02
-2.197265625000000000e-02
-2.197265625000000000e-02
-2.441406250000000000e-02
-2.197265625000000000e-02
-2.197265625000000000e-02
-2.197265625000000000e-02
-2.441406250000000000e-02
-2.441406250000000000e-02
-2.441406250000000000e-02
-2.197265625000000000e-02
-2.197265625000000000e-02
-2.197265625000000000e-02
-2.441406250000000000e-02
-2.441406250000000000e-02
-2.441406250000000000e-02
-2.197265625000000000e-02
-2.197265625000000000e-02
-2.441406250000000000e-02
-2.441406250000000000e-02
-2.441406250000000000e-02
-2.441406250000000000e-02
-2.197265625000000000e-02
-2.441406250000000000e-02
-2.441406250000000000e-02
-2.197265625000000000e-02
-2.197265625000000000e-02
-2.197265625000000000e-02
-2.441406250000000000e-02
-2.197265625000000000e-02
-2.197265625000000000e-02
-2.197265625000000000e-02
-2.441406250000000000e-02
-2.441406250000000000e-02
-2.685546875000000000e-02
-2.685546875000000000e-02
-2.197265625000000000e-02
-2.197265625000000000e-02
-2.197265625000000000e-02
-2.441406250000000000e-02
-2.441406250000000000e-02
-2.685546875000000000e-02
-2.441406250000000000e-02
-2.197265625000000000e-02
-2.197265625000000000e-02
-2.197265625000000000e-02
-2.197265625000000000e-02
-2.441406250000000000e-02
-2.441406250000000000e-02
-2.441406250000000000e-02
-2.197265625000000000e-02
-2.197265625000000000e-02
-1.953125000000000000e-02
-2.197265625000000000e-02
-2.441406250000000000e-02
-2.441406250000000000e-02
-2.441406250000000000e-02
-2.441406250000000000e-02
-2.197265625000000000e-02
-2.197265625000000000e-02
-2.197265625000000000e-02
-2.197265625000000000e-02
-2.197265625000000000e-02
-2.685546875000000000e-02
-2.685546875000000000e-02
-2.441406250000000000e-02
-2.197265625000000000e-02
-2.441406250000000000e-02
-2.441406250000000000e-02
-2.197265625000000000e-02
-2.197265625000000000e-02
-2.441406250000000000e-02
-2.441406250000000000e-02
-1.953125000000000000e-02
-2.197265625000000000e-02
-2.197265625000000000e-02
-2.441406250000000000e-02
-2.441406250000000000e-02
-2.685546875000000000e-02
-2.441406250000000000e-02
-2.197265625000000000e-02
-2.441406250000000000e-02
-2.441406250000000000e-02
-2.197265625000000000e-02
-2.197265625000000000e-02
-2.441406250000000000e-02
-2.441406250000000000e-02
-2.441406250000000000e-02
-2.441406250000000000e-02
-2.197265625000000000e-02
-2.441406250000000000e-02
-2.685546875000000000e-02
-2.441406250000000000e-02
-2.197265625000000000e-02
-2.441406250000000000e-02
-2.441406250000000000e-02
-2.197265625000000000e-02
-2.197265625000000000e-02
-2.197265625000000000e-02
-2.441406250000000000e-02
-2.441406250000000000e-02
-2.685546875000000000e-02
-2.441406250000000000e-02
-2.197265625000000000e-02
-2.685546875000000000e-02
-2.685546875000000000e-02
-2.441406250000000000e-02
-2.441406250000000000e-02
-2.197265625000000000e-02
-2.197265625000000000e-02
-2.197265625000000000e-02
-2.441406250000000000e-02
-2.441406250000000000e-02
-2.441406250000000000e-02
-2.685546875000000000e-02
-2.441406250000000000e-02
-2.441406250000000000e-02
-2.197265625000000000e-02
-2.441406250000000000e-02
-2.441406250000000000e-02
-2.441406250000000000e-02
-2.197265625000000000e-02
-2.197265625000000000e-02
-2.197265625000000000e-02
-2.441406250000000000e-02
-2.685546875000000000e-02
-2.685546875000000000e-02
-2.685546875000000000e-02
-2.441406250000000000e-02
-2.441406250000000000e-02
-2.441406250000000000e-02
-2.685546875000000000e-02
-2.441406250000000000e-02
-2.441406250000000000e-02
-2.441406250000000000e-02
-2.685546875000000000e-02
-2.441406250000000000e-02
-2.441406250000000000e-02
-2.441406250000000000e-02
-2.441406250000000000e-02
-2.441406250000000000e-02
-2.441406250000000000e-02
-2.441406250000000000e-02
-2.441406250000000000e-02
-2.441406250000000000e-02
-2.197265625000000000e-02
-2.441406250000000000e-02
-2.441406250000000000e-02
-2.685546875000000000e-02
-2.685546875000000000e-02
-2.441406250000000000e-02
-2.441406250000000000e-02
-2.197265625000000000e-02
-2.197265625000000000e-02
-2.685546875000000000e-02
-2.685546875000000000e-02
-2.685546875000000000e-02
-2.685546875000000000e-02
-2.685546875000000000e-02
-2.441406250000000000e-02
-2.685546875000000000e-02
-2.441406250000000000e-02
-2.441406250000000000e-02
-2.685546875000000000e-02
-2.441406250000000000e-02
-2.197265625000000000e-02
-2.197265625000000000e-02
-2.441406250000000000e-02
-2.441406250000000000e-02
-2.685546875000000000e-02
-2.685546875000000000e-02
-2.685546875000000000e-02
-2.441406250000000000e-02
-2.441406250000000000e-02
-2.197265625000000000e-02
-2.197265625000000000e-02
-2.685546875000000000e-02
-2.441406250000000000e-02
-2.685546875000000000e-02
-2.441406250000000000e-02
-2.441406250000000000e-02
-2.197265625000000000e-02
-2.441406250000000000e-02
-2.685546875000000000e-02
-2.685546875000000000e-02
-2.929687500000000000e-02
-2.685546875000000000e-02
-2.441406250000000000e-02
-2.197265625000000000e-02
-2.441406250000000000e-02
-2.441406250000000000e-02
-2.441406250000000000e-02
-2.685546875000000000e-02
-2.685546875000000000e-02
-2.929687500000000000e-02
-2.929687500000000000e-02
-2.685546875000000000e-02
-2.685546875000000000e-02
-2.929687500000000000e-02
-2.929687500000000000e-02
-2.685546875000000000e-02
-2.685546875000000000e-02
-2.685546875000000000e-02
-2.929687500000000000e-02
-2.929687500000000000e-02
-2.929687500000000000e-02
-2.929687500000000000e-02
-2.685546875000000000e-02
-2.685546875000000000e-02
-2.685546875000000000e-02
-2.685546875000000000e-02
-2.929687500000000000e-02
-2.929687500000000000e-02
-2.929687500000000000e-02
-3.173828125000000000e-02
-2.929687500000000000e-02
-2.929687500000000000e-02
-3.173828125000000000e-02
-3.173828125000000000e-02
-3.173828125000000000e-02
-2.929687500000000000e-02
-2.685546875000000000e-02
-2.929687500000000000e-02
-2.929687500000000000e-02
-2.685546875000000000e-02
-2.441406250000000000e-02
-2.929687500000000000e-02
-2.685546875000000000e-02
-2.685546875000000000e-02
-2.685546875000000000e-02
-2.685546875000000000e-02
-2.929687500000000000e-02
-2.929687500000000000e-02
-2.685546875000000000e-02
-2.685546875000000000e-02
-2.929687500000000000e-02
-2.685546875000000000e-02
-2.929687500000000000e-02
-3.173828125000000000e-02
-3.173828125000000000e-02
-2.929687500000000000e-02
-2.929687500000000000e-02
-2.929687500000000000e-02
-2.929687500000000000e-02
-3.173828125000000000e-02
-2.929687500000000000e-02
-2.929687500000000000e-02
-2.929687500000000000e-02
-2.929687500000000000e-02
-2.929687500000000000e-02
-2.929687500000000000e-02
-2.685546875000000000e-02
-2.685546875000000000e-02
-2.685546875000000000e-02
-2.929687500000000000e-02
-2.929687500000000000e-02
-2.929687500000000000e-02
-3.173828125000000000e-02
-2.685546875000000000e-02
-2.685546875000000000e-02
-2.929687500000000000e-02
-3.173828125000000000e-02
-3.173828125000000000e-02
-3.173828125000000000e-02
-3.173828125000000000e-02
-2.929687500000000000e-02
-2.929687500000000000e-02
-2.685546875000000000e-02
-2.685546875000000000e-02
-2.929687500000000000e-02
-3.173828125000000000e-02
-2.929687500000000000e-02
-2.929687500000000000e-02
-3.173828125000000000e-02
-2.929687500000000000e-02
-2.685546875000000000e-02
-2.929687500000000000e-02
-2.685546875000000000e-02
-2.929687500000000000e-02
-2.929687500000000000e-02
-2.929687500000000000e-02
-3.173828125000000000e-02
-3.417968750000000000e-02
-3.173828125000000000e-02
-2.929687500000000000e-02
-3.173828125000000000e-02
-2.929687500000000000e-02
-3.173828125000000000e-02
-2.929687500000000000e-02
-2.929687500000000000e-02
-2.685546875000000000e-02
-3.173828125000000000e-02
-2.929687500000000000e-02
-2.685546875000000000e-02
-2.929687500000000000e-02
-3.173828125000000000e-02
-3.173828125000000000e-02
-2.929687500000000000e-02
-2.685546875000000000e-02
-2.929687500000000000e-02
-3.173828125000000000e-02
-3.173828125000000000e-02
-2.929687500000000000e-02
-2.929687500000000000e-02
-2.929687500000000000e-02
-3.417968750000000000e-02
-3.173828125000000000e-02
-3.173828125000000000e-02
-2.929687500000000000e-02
-2.929687500000000000e-02
-3.173828125000000000e-02
-3.173828125000000000e-02
-3.417968750000000000e-02
-3.417968750000000000e-02
-3.173828125000000000e-02
-2.929687500000000000e-02
-2.685546875000000000e-02
-3.173828125000000000e-02
-3.173828125000000000e-02
-3.417968750000000000e-02
-2.929687500000000000e-02
-3.173828125000000000e-02
-2.929687500000000000e-02
-2.685546875000000000e-02
-2.685546875000000000e-02
-3.173828125000000000e-02
-3.173828125000000000e-02
-2.929687500000000000e-02
-2.685546875000000000e-02
-3.173828125000000000e-02
-3.173828125000000000e-02
-3.173828125000000000e-02
-2.929687500000000000e-02
-2.685546875000000000e-02
-3.173828125000000000e-02
-2.929687500000000000e-02
-2.685546875000000000e-02
-2.929687500000000000e-02
-3.173828125000000000e-02
-3.173828125000000000e-02
-3.173828125000000000e-02
-3.417968750000000000e-02
-2.929687500000000000e-02
-2.929687500000000000e-02
-2.929687500000000000e-02
-2.929687500000000000e-02
-2.929687500000000000e-02
-2.929687500000000000e-02
-3.417968750000000000e-02
-3.173828125000000000e-02
-3.173828125000000000e-02
-2.929687500000000000e-02
-2.929687500000000000e-02
-2.929687500000000000e-02
-3.173828125000000000e-02
-2.929687500000000000e-02
-3.173828125000000000e-02
-2.929687500000000000e-02
-2.929687500000000000e-02
-3.173828125000000000e-02
-3.173828125000000000e-02
-2.929687500000000000e-02
-2.929687500000000000e-02
-2.929687500000000000e-02
-3.173828125000000000e-02
-3.173828125000000000e-02
-3.417968750000000000e-02
-3.173828125000000000e-02
-2.929687500000000000e-02
-3.173828125000000000e-02
-2.929687500000000000e-02
-3.173828125000000000e-02
-3.173828125000000000e-02
-3.417968750000000000e-02
-3.417968750000000000e-02
-3.173828125000000000e-02
-3.173828125000000000e-02
-2.929687500000000000e-02
-3.417968750000000000e-02
-3.417968750000000000e-02
-3.662109375000000000e-02
-3.417968750000000000e-02
-3.173828125000000000e-02
-3.417968750000000000e-02
-3.417968750000000000e-02
-3.173828125000000000e-02
-3.173828125000000000e-02
-3.173828125000000000e-02
-3.173828125000000000e-02
-3.417968750000000000e-02
-3.173828125000000000e-02
-2.929687500000000000e-02
-3.173828125000000000e-02
-3.417968750000000000e-02
-3.417968750000000000e-02
-3.417968750000000000e-02
-3.173828125000000000e-02
-3.417968750000000000e-02
-3.417968750000000000e-02
-3.417968750000000000e-02
-3.173828125000000000e-02
-3.662109375000000000e-02
-3.662109375000000000e-02
-3.662109375000000000e-02
-3.417968750000000000e-02
-3.417968750000000000e-02
-3.417968750000000000e-02
-3.662109375000000000e-02
-3.417968750000000000e-02
-3.417968750000000000e-02
-3.417968750000000000e-02
-3.173828125000000000e-02
-3.662109375000000000e-02
-3.662109375000000000e-02
-3.417968750000000000e-02
-3.417968750000000000e-02
-3.417968750000000000e-02
-3.417968750000000000e-02
-3.417968750000000000e-02
-3.662109375000000000e-02
-3.906250000000000000e-02
-3.906250000000000000e-02
-3.662109375000000000e-02
-3.417968750000000000e-02
-3.417968750000000000e-02
-3.173828125000000000e-02
-3.417968750000000000e-02
-3.417968750000000000e-02
-3.662109375000000000e-02
-3.662109375000000000e-02
-3.662109375000000000e-02
-3.417968750000000000e-02
-3.662109375000000000e-02
-3.662109375000000000e-02
-3.417968750000000000e-02
-3.173828125000000000e-02
-3.173828125000000000e-02
-3.417968750000000000e-02
-3.906250000000000000e-02
-3.662109375000000000e-02
-3.417968750000000000e-02
-3.662109375000000000e-02
-3.906250000000000000e-02
-3.906250000000000000e-02
-3.906250000000000000e-02
-3.662109375000000000e-02
-3.417968750000000000e-02
-3.417968750000000000e-02
-3.417968750000000000e-02
-3.662109375000000000e-02
-3.662109375000000000e-02
-3.906250000000000000e-02
-3.906250000000000000e-02
-3.662109375000000000e-02
-3.417968750000000000e-02
-3.662109375000000000e-02
-3.906250000000000000e-02
-3.906250000000000000e-02
-3.662109375000000000e-02
-3.662109375000000000e-02
-3.662109375000000000e-02
-3.662109375000000000e-02
-3.906250000000000000e-02
-3.906250000000000000e-02
-3.906250000000000000e-02
-3.662109375000000000e-02
-3.662109375000000000e-02
-3.906250000000000000e-02
-3.906250000000000000e-02
-4.150390625000000000e-02
-4.150390625000000000e-02
-3.662109375000000000e-02
-3.662109375000000000e-02
-3.662109375000000000e-02
-3.662109375000000000e-02
-3.906250000000000000e-02
-4.150390625000000000e-02
-4.150390625000000000e-02
-4.150390625000000000e-02
-3.906250000000000000e-02
-3.662109375000000000e-02
-3.662109375000000000e-02
-3.417968750000000000e-02
-3.662109375000000000e-02
-3.906250000000000000e-02
-3.662109375000000000e-02
-3.906250000000000000e-02
-3.906250000000000000e-02
-3.906250000000000000e-02
-3.662109375000000000e-02
-3.662109375000000000e-02
-3.906250000000000000e-02
-3.906250000000000000e-02
-3.906250000000000000e-02
-3.906250000000000000e-02
-3.906250000000000000e-02
-3.662109375000000000e-02
-3.906250000000000000e-02
-3.906250000000000000e-02
-3.662109375000000000e-02
-3.906250000000000000e-02
-3.906250000000000000e-02
-3.906250000000000000e-02
-3.662109375000000000e-02
-3.662109375000000000e-02
-3.662109375000000000e-02
-3.662109375000000000e-02
-3.906250000000000000e-02
-3.906250000000000000e-02
-3.906250000000000000e-02
-3.906250000000000000e-02
-3.906250000000000000e-02
-3.662109375000000000e-02
-3.906250000000000000e-02
-3.662109375000000000e-02
-3.662109375000000000e-02
-3.906250000000000000e-02
-3.906250000000000000e-02
-4.150390625000000000e-02
-3.662109375000000000e-02
-3.662109375000000000e-02
-3.662109375000000000e-02
-3.417968750000000000e-02
-3.906250000000000000e-02
-3.906250000000000000e-02
-3.906250000000000000e-02
-3.906250000000000000e-02
-3.906250000000000000e-02
-3.662109375000000000e-02
-3.662109375000000000e-02
-3.662109375000000000e-02
-3.906250000000000000e-02
-4.150390625000000000e-02
-3.906250000000000000e-02
-3.662109375000000000e-02
-3.906250000000000000e-02
-3.906250000000000000e-02
-3.906250000000000000e-02
-3.906250000000000000e-02
-3.906250000000000000e-02
-3.906250000000000000e-02
-3.906250000000000000e-02
-3.662109375000000000e-02
-3.662109375000000000e-02
-3.662109375000000000e-02
-4.150390625000000000e-02
-4.150390625000000000e-02
-3.662109375000000000e-02
-3.662109375000000000e-02
-3.662109375000000000e-02
-3.906250000000000000e-02
-3.662109375000000000e-02
-3.906250000000000000e-02
-3.906250000000000000e-02
-3.906250000000000000e-02
-3.906250000000000000e-02
-3.662109375000000000e-02
-3.906250000000000000e-02
-4.150390625000000000e-02
-3.906250000000000000e-02
-3.906250000000000000e-02
-3.906250000000000000e-02
-3.662109375000000000e-02
-3.662109375000000000e-02
-3.906250000000000000e-02
-3.906250000000000000e-02
-3.906250000000000000e-02
-3.906250000000000000e-02
-3.906250000000000000e-02
-3.906250000000000000e-02
-3.662109375000000000e-02
-3.906250000000000000e-02
-3.906250000000000000e-02
-3.906250000000000000e-02
-3.906250000000000000e-02
-3.906250000000000000e-02
-3.662109375000000000e-02
-3.662109375000000000e-02
-3.662109375000000000e-02
-3.906250000000000000e-02
-3.906250000000000000e-02
-3.906250000000000000e-02
-3.906250000000000000e-02
-3.662109375000000000e-02
-3.906250000000000000e-02
-3.906250000000000000e-02
-3.906250000000000000e-02
-3.906250000000000000e-02
-3.662109375000000000e-02
-3.906250000000000000e-02
-3.906250000000000000e-02
-3.662109375000000000e-02
-3.662109375000000000e-02
-3.662109375000000000e-02
-3.906250000000000000e-02
-4.150390625000000000e-02
-3.906250000000000000e-02
-3.906250000000000000e-02
-3.906250000000000000e-02
-3.906250000000000000e-02
-4.150390625000000000e-02
-4.150390625000000000e-02
-4.150390625000000000e-02
-4.150390625000000000e-02
-3.906250000000000000e-02
-3.662109375000000000e-02
-3.906250000000000000e-02
-3.906250000000000000e-02
-3.906250000000000000e-02
-4.150390625000000000e-02
-4.150390625000000000e-02
-3.662109375000000000e-02
-3.906250000000000000e-02
-3.906250000000000000e-02
-4.150390625000000000e-02
-3.906250000000000000e-02
-3.906250000000000000e-02
-3.906250000000000000e-02
-3.906250000000000000e-02
-3.906250000000000000e-02
-3.906250000000000000e-02
-3.906250000000000000e-02
-3.906250000000000000e-02
-4.150390625000000000e-02
-4.150390625000000000e-02
-4.150390625000000000e-02
-3.906250000000000000e-02
-3.906250000000000000e-02
-3.906250000000000000e-02
-4.150390625000000000e-02
-3.906250000000000000e-02
-3.906250000000000000e-02
-3.906250000000000000e-02
-3.906250000000000000e-02
-3.906250000000000000e-02
-3.906250000000000000e-02
-3.906250000000000000e-02
-3.906250000000000000e-02
-3.906250000000000000e-02
-3.906250000000000000e-02
-3.906250000000000000e-02
-4.150390625000000000e-02
-4.150390625000000000e-02
-4.150390625000000000e-02
-3.906250000000000000e-02
-3.906250000000000000e-02
-3.662109375000000000e-02
-3.906250000000000000e-02
-4.150390625000000000e-02
-4.150390625000000000e-02
-4.150390625000000000e-02
-3.906250000000000000e-02
-4.150390625000000000e-02
-4.150390625000000000e-02
-4.150390625000000000e-02
-3.906250000000000000e-02
-3.906250000000000000e-02
-3.906250000000000000e-02
-4.150390625000000000e-02
-3.906250000000000000e-02
-3.906250000000000000e-02
-3.906250000000000000e-02
-3.906250000000000000e-02
-3.906250000000000000e-02
-4.150390625000000000e-02
-4.150390625000000000e-02
-4.394531250000000000e-02
-4.150390625000000000e-02
-3.906250000000000000e-02
-4.150390625000000000e-02
-4.150390625000000000e-02
-4.150390625000000000e-02
-4.150390625000000000e-02
-4.150390625000000000e-02
-4.150390625000000000e-02
-4.150390625000000000e-02
-4.150390625000000000e-02
-3.906250000000000000e-02
-4.150390625000000000e-02
-4.150390625000000000e-02
-4.150390625000000000e-02
-3.906250000000000000e-02
-4.150390625000000000e-02
-4.150390625000000000e-02
-3.906250000000000000e-02
-3.906250000000000000e-02
-3.906250000000000000e-02
-4.150390625000000000e-02
-4.150390625000000000e-02
-4.150390625000000000e-02
-4.394531250000000000e-02
-3.906250000000000000e-02
-4.150390625000000000e-02
-3.906250000000000000e-02
-4.150390625000000000e-02
-3.906250000000000000e-02
-3.906250000000000000e-02
-4.150390625000000000e-02
-3.906250000000000000e-02
-3.662109375000000000e-02
-3.906250000000000000e-02
-3.662109375000000000e-02
-3.906250000000000000e-02
-4.150390625000000000e-02
-4.394531250000000000e-02
-4.394531250000000000e-02
-4.150390625000000000e-02
-4.150390625000000000e-02
-4.150390625000000000e-02
-4.150390625000000000e-02
-4.394531250000000000e-02
-4.638671875000000000e-02
-4.638671875000000000e-02
-4.394531250000000000e-02
-4.394531250000000000e-02
-4.150390625000000000e-02
-4.394531250000000000e-02
-4.394531250000000000e-02
-4.638671875000000000e-02
-4.394531250000000000e-02
-4.638671875000000000e-02
-4.638671875000000000e-02
-4.394531250000000000e-02
-4.394531250000000000e-02
-4.150390625000000000e-02
-3.906250000000000000e-02
-4.394531250000000000e-02
-4.638671875000000000e-02
-4.394531250000000000e-02
-4.394531250000000000e-02
-4.394531250000000000e-02
-4.394531250000000000e-02
-4.394531250000000000e-02
-4.638671875000000000e-02
-4.638671875000000000e-02
-4.638671875000000000e-02
-4.638671875000000000e-02
-4.882812500000000000e-02
-4.638671875000000000e-02
-4.394531250000000000e-02
-4.394531250000000000e-02
-4.638671875000000000e-02
-4.638671875000000000e-02
-4.638671875000000000e-02
-4.638671875000000000e-02
-4.394531250000000000e-02
-4.394531250000000000e-02
-4.638671875000000000e-02
-4.638671875000000000e-02
-4.394531250000000000e-02
-4.150390625000000000e-02
-4.394531250000000000e-02
-4.638671875000000000e-02
-4.638671875000000000e-02
-4.638671875000000000e-02
-4.638671875000000000e-02
-4.394531250000000000e-02
-4.394531250000000000e-02
-4.394531250000000000e-02
-4.394531250000000000e-02
-4.394531250000000000e-02
-4.394531250000000000e-02
-4.638671875000000000e-02
-4.638671875000000000e-02
-4.638671875000000000e-02
-4.638671875000000000e-02
-4.882812500000000000e-02
-4.638671875000000000e-02
-4.394531250000000000e-02
-4.394531250000000000e-02
-4.638671875000000000e-02
-4.638671875000000000e-02
-4.638671875000000000e-02
-4.394531250000000000e-02
-4.638671875000000000e-02
-4.882812500000000000e-02
-4.882812500000000000e-02
-4.638671875000000000e-02
-4.394531250000000000e-02
-4.394531250000000000e-02
-4.638671875000000000e-02
-4.882812500000000000e-02
-4.638671875000000000e-02
-4.882812500000000000e-02
-4.638671875000000000e-02
-4.638671875000000000e-02
-4.638671875000000000e-02
-4.638671875000000000e-02
-4.882812500000000000e-02
-4.882812500000000000e-02
-4.882812500000000000e-02
-4.638671875000000000e-02
-4.638671875000000000e-02
-4.394531250000000000e-02
-4.394531250000000000e-02
-4.638671875000000000e-02
-4.638671875000000000e-02
-4.882812500000000000e-02
-4.638671875000000000e-02
-4.638671875000000000e-02
-4.638671875000000000e-02
-4.638671875000000000e-02
-4.638671875000000000e-02
-4.638671875000000000e-02
-4.638671875000000000e-02
-4.882812500000000000e-02
-4.882812500000000000e-02
-5.126953125000000000e-02
-4.882812500000000000e-02
-4.638671875000000000e-02
-4.638671875000000000e-02
-4.882812500000000000e-02
-4.638671875000000000e-02
-4.638671875000000000e-02
-4.638671875000000000e-02
-4.882812500000000000e-02
-4.882812500000000000e-02
-4.638671875000000000e-02
-4.638671875000000000e-02
-4.638671875000000000e-02
-4.638671875000000000e-02
-4.882812500000000000e-02
-4.638671875000000000e-02
-4.638671875000000000e-02
-4.638671875000000000e-02
-4.882812500000000000e-02
-4.882812500000000000e-02
-4.882812500000000000e-02
-4.638671875000000000e-02
-4.882812500000000000e-02
-4.638671875000000000e-02
-4.394531250000000000e-02
-4.638671875000000000e-02
-4.638671875000000000e-02
-4.882812500000000000e-02
-4.882812500000000000e-02
-4.882812500000000000e-02
-4.638671875000000000e-02
-4.394531250000000000e-02
-4.394531250000000000e-02
-4.394531250000000000e-02
-4.882812500000000000e-02
-4.882812500000000000e-02
-5.126953125000000000e-02
-4.882812500000000000e-02
-4.638671875000000000e-02
-4.638671875000000000e-02
-4.638671875000000000e-02
-4.638671875000000000e-02
-4.882812500000000000e-02
-4.882812500000000000e-02
-5.126953125000000000e-02
-4.638671875000000000e-02
-4.882812500000000000e-02
-4.638671875000000000e-02
-4.882812500000000000e-02
-4.882812500000000000e-02
-4.882812500000000000e-02
-4.638671875000000000e-02
-4.638671875000000000e-02
-4.638671875000000000e-02
-4.882812500000000000e-02
-4.638671875000000000e-02
-4.638671875000000000e-02
-4.882812500000000000e-02
-4.882812500000000000e-02
-5.126953125000000000e-02
-5.126953125000000000e-02
-4.882812500000000000e-02
-4.882812500000000000e-02
-4.882812500000000000e-02
-4.882812500000000000e-02
-4.638671875000000000e-02
-4.882812500000000000e-02
-5.126953125000000000e-02
-4.882812500000000000e-02
-4.638671875000000000e-02
-4.882812500000000000e-02
-4.882812500000000000e-02
-4.882812500000000000e-02
-4.882812500000000000e-02
-4.882812500000000000e-02
-4.882812500000000000e-02
-5.126953125000000000e-02
-5.126953125000000000e-02
-4.638671875000000000e-02
-4.882812500000000000e-02
-4.882812500000000000e-02
-5.126953125000000000e-02
-5.126953125000000000e-02
-5.126953125000000000e-02
-5.126953125000000000e-02
-4.882812500000000000e-02
-4.638671875000000000e-02
-4.638671875000000000e-02
-4.638671875000000000e-02
-4.882812500000000000e-02
-4.882812500000000000e-02
-5.371093750000000000e-02
-5.126953125000000000e-02
-4.882812500000000000e-02
-4.638671875000000000e-02
-4.882812500000000000e-02
-4.638671875000000000e-02
-4.882812500000000000e-02
-4.882812500000000000e-02
-4.882812500000000000e-02
-4.638671875000000000e-02
-4.882812500000000000e-02
-4.882812500000000000e-02
-4.638671875000000000e-02
-4.638671875000000000e-02
-4.638671875000000000e-02
-4.882812500000000000e-02
-4.882812500000000000e-02
-5.126953125000000000e-02
-4.882812500000000000e-02
-4.882812500000000000e-02
-4.882812500000000000e-02
-4.638671875000000000e-02
-4.882812500000000000e-02
-4.882812500000000000e-02
-5.126953125000000000e-02
-5.126953125000000000e-02
-5.126953125000000000e-02
-4.882812500000000000e-02
-4.638671875000000000e-02
-4.638671875000000000e-02
-4.882812500000000000e-02
-4.882812500000000000e-02
-5.126953125000000000e-02
-5.126953125000000000e-02
-5.126953125000000000e-02
-5.126953125000000000e-02
-4.882812500000000000e-02
-4.882812500000000000e-02
-4.882812500000000000e-02
-4.882812500000000000e-02
-5.126953125000000000e-02
-4.638671875000000000e-02
-4.638671875000000000e-02
-4.638671875000000000e-02
-4.882812500000000000e-02
-5.126953125000000000e-02
-5.126953125000000000e-02
-4.638671875000000000e-02
-4.638671875000000000e-02
-4.882812500000000000e-02
-4.882812500000000000e-02
-4.882812500000000000e-02
-4.638671875000000000e-02
-4.394531250000000000e-02
-4.638671875000000000e-02
-4.638671875000000000e-02
-4.882812500000000000e-02
-4.882812500000000000e-02
-5.126953125000000000e-02
-5.126953125000000000e-02
-4.882812500000000000e-02
-4.882812500000000000e-02
-4.638671875000000000e-02
-4.638671875000000000e-02
-4.638671875000000000e-02
-4.882812500000000000e-02
-5.126953125000000000e-02
-5.126953125000000000e-02
-5.371093750000000000e-02
-5.371093750000000000e-02
-5.126953125000000000e-02
-4.638671875000000000e-02
-4.882812500000000000e-02
-4.882812500000000000e-02
-4.882812500000000000e-02
-4.638671875000000000e-02
-4.638671875000000000e-02
-4.638671875000000000e-02
-4.882812500000000000e-02
-5.126953125000000000e-02
-5.126953125000000000e-02
-4.882812500000000000e-02
-4.882812500000000000e-02
-4.882812500000000000e-02
-5.126953125000000000e-02
-5.126953125000000000e-02
-4.882812500000000000e-02
-5.126953125000000000e-02
-4.882812500000000000e-02
-4.882812500000000000e-02
-5.126953125000000000e-02
-4.638671875000000000e-02
-4.882812500000000000e-02
-4.882812500000000000e-02
-5.126953125000000000e-02
-4.882812500000000000e-02
-4.638671875000000000e-02
-4.638671875000000000e-02
-4.882812500000000000e-02
-4.882812500000000000e-02
-4.638671875000000000e-02
-4.638671875000000000e-02
-4.882812500000000000e-02
-5.126953125000000000e-02
-5.126953125000000000e-02
-5.126953125000000000e-02
-5.126953125000000000e-02
-4.882812500000000000e-02
-4.638671875000000000e-02
-4.638671875000000000e-02
-4.882812500000000000e-02
-4.882812500000000000e-02
-4.882812500000000000e-02
-4.882812500000000000e-02
-4.882812500000000000e-02
-5.126953125000000000e-02
-4.882812500000000000e-02
-4.882812500000000000e-02
-4.638671875000000000e-02
-4.394531250000000000e-02
-4.882812500000000000e-02
-4.882812500000000000e-02
-5.126953125000000000e-02
-5.126953125000000000e-02
-4.882812500000000000e-02
-4.882812500000000000e-02
-4.882812500000000000e-02
-5.126953125000000000e-02
-5.126953125000000000e-02
-5.126953125000000000e-02
-4.882812500000000000e-02
-4.638671875000000000e-02
-4.882812500000000000e-02
-4.882812500000000000e-02
-4.882812500000000000e-02
-4.882812500000000000e-02
-5.126953125000000000e-02
-4.638671875000000000e-02
-4.882812500000000000e-02
-4.882812500000000000e-02
-4.638671875000000000e-02
-4.882812500000000000e-02
-4.882812500000000000e-02
-4.882812500000000000e-02
-5.126953125000000000e-02
-4.882812500000000000e-02
-5.126953125000000000e-02
-5.126953125000000000e-02
-5.126953125000000000e-02
-5.371093750000000000e-02
-5.126953125000000000e-02
-5.126953125000000000e-02
-4.882812500000000000e-02
-5.126953125000000000e-02
-4.882812500000000000e-02
-5.126953125000000000e-02
-5.371093750000000000e-02
-5.371093750000000000e-02
-5.126953125000000000e-02
-5.126953125000000000e-02
-5.371093750000000000e-02
-5.371093750000000000e-02
-5.371093750000000000e-02
-5.126953125000000000e-02
-5.126953125000000000e-02
-4.882812500000000000e-02
-4.882812500000000000e-02
-5.371093750000000000e-02
-5.615234375000000000e-02
-5.371093750000000000e-02
-4.882812500000000000e-02
-5.126953125000000000e-02
-5.371093750000000000e-02
-5.371093750000000000e-02
-5.371093750000000000e-02
-5.126953125000000000e-02
-5.126953125000000000e-02
-5.126953125000000000e-02
-5.371093750000000000e-02
-5.371093750000000000e-02
-5.371093750000000000e-02
-5.371093750000000000e-02
-5.126953125000000000e-02
-5.371093750000000000e-02
-5.371093750000000000e-02
-5.371093750000000000e-02
-5.371093750000000000e-02
-5.371093750000000000e-02
-4.882812500000000000e-02
-5.126953125000000000e-02
-4.882812500000000000e-02
-5.126953125000000000e-02
-5.371093750000000000e-02
-5.615234375000000000e-02
-5.371093750000000000e-02
-5.615234375000000000e-02
-5.126953125000000000e-02
-5.371093750000000000e-02
-5.371093750000000000e-02
-5.371093750000000000e-02
-5.371093750000000000e-02
-5.371093750000000000e-02
-5.126953125000000000e-02
-5.615234375000000000e-02
-5.615234375000000000e-02
-5.615234375000000000e-02
-5.615234375000000000e-02
-5.371093750000000000e-02
-5.371093750000000000e-02
-5.126953125000000000e-02
-5.126953125000000000e-02
-5.371093750000000000e-02
-5.371093750000000000e-02
-5.371093750000000000e-02
-5.371093750000000000e-02
-5.615234375000000000e-02
-5.615234375000000000e-02
-5.615234375000000000e-02
-5.371093750000000000e-02
-5.126953125000000000e-02
-5.126953125000000000e-02
-5.371093750000000000e-02
-5.615234375000000000e-02
-5.615234375000000000e-02
-5.859375000000000000e-02
-5.615234375000000000e-02
-5.371093750000000000e-02
-5.126953125000000000e-02
-5.371093750000000000e-02
-5.371093750000000000e-02
-5.615234375000000000e-02
-5.371093750000000000e-02
-5.371093750000000000e-02
-5.371093750000000000e-02
-5.371093750000000000e-02
-5.615234375000000000e-02
-5.859375000000000000e-02
-5.615234375000000000e-02
-5.615234375000000000e-02
-5.371093750000000000e-02
-5.371093750000000000e-02
-5.371093750000000000e-02
-5.859375000000000000e-02
-5.615234375000000000e-02
-5.371093750000000000e-02
-5.615234375000000000e-02
-5.371093750000000000e-02
-5.371093750000000000e-02
-5.126953125000000000e-02
-5.615234375000000000e-02
-5.615234375000000000e-02
-5.615234375000000000e-02
-5.126953125000000000e-02
-5.371093750000000000e-02
-5.371093750000000000e-02
-5.615234375000000000e-02
-5.615234375000000000e-02
-5.615234375000000000e-02
-5.615234375000000000e-02
-5.615234375000000000e-02
-5.859375000000000000e-02
-5.615234375000000000e-02
-5.371093750000000000e-02
-5.615234375000000000e-02
-5.615234375000000000e-02
-5.615234375000000000e-02
-5.615234375000000000e-02
-5.371093750000000000e-02
-5.371093750000000000e-02
-5.615234375000000000e-02
-5.859375000000000000e-02
-5.859375000000000000e-02
-5.859375000000000000e-02
-5.859375000000000000e-02
-5.615234375000000000e-02
-5.371093750000000000e-02
-5.126953125000000000e-02
-5.126953125000000000e-02
-5.371093750000000000e-02
-5.615234375000000000e-02
-5.859375000000000000e-02
-5.859375000000000000e-02
-5.859375000000000000e-02
-5.615234375000000000e-02
-5.371093750000000000e-02
-5.615234375000000000e-02
-5.859375000000000000e-02
-6.103515625000000000e-02
-5.615234375000000000e-02
-5.859375000000000000e-02
-5.859375000000000000e-02
-6.103515625000000000e-02
-5.859375000000000000e-02
-5.859375000000000000e-02
-5.859375000000000000e-02
-5.615234375000000000e-02
-5.615234375000000000e-02
-5.371093750000000000e-02
-5.371093750000000000e-02
-5.615234375000000000e-02
-5.859375000000000000e-02
-5.859375000000000000e-02
-5.859375000000000000e-02
-5.859375000000000000e-02
-5.615234375000000000e-02
-5.615234375000000000e-02
-5.615234375000000000e-02
-5.371093750000000000e-02
-5.859375000000000000e-02
-5.615234375000000000e-02
-5.615234375000000000e-02
-5.615234375000000000e-02
-5.615234375000000000e-02
-5.615234375000000000e-02
-5.859375000000000000e-02
-5.615234375000000000e-02
-5.615234375000000000e-02
-5.615234375000000000e-02
-5.859375000000000000e-02
-5.859375000000000000e-02
-5.615234375000000000e-02
-5.859375000000000000e-02
-5.615234375000000000e-02
-5.615234375000000000e-02
-5.615234375000000000e-02
-5.859375000000000000e-02
-5.859375000000000000e-02
-5.859375000000000000e-02
-5.859375000000000000e-02
-5.615234375000000000e-02
-5.615234375000000000e-02
-5.615234375000000000e-02
-5.615234375000000000e-02
-5.859375000000000000e-02
-5.859375000000000000e-02
-5.615234375000000000e-02
-5.859375000000000000e-02
-5.859375000000000000e-02
-5.859375000000000000e-02
-5.615234375000000000e-02
-5.371093750000000000e-02
-5.371093750000000000e-02
-5.615234375000000000e-02
-5.615234375000000000e-02
-5.615234375000000000e-02
-5.615234375000000000e-02
-5.615234375000000000e-02
-5.615234375000000000e-02
-5.859375000000000000e-02
-5.859375000000000000e-02
-5.859375000000000000e-02
-5.859375000000000000e-02
-6.103515625000000000e-02
-5.859375000000000000e-02
-5.615234375000000000e-02
-5.615234375000000000e-02
-5.859375000000000000e-02
-5.859375000000000000e-02
-5.859375000000000000e-02
-5.615234375000000000e-02
-5.859375000000000000e-02
-5.859375000000000000e-02
-6.103515625000000000e-02
-5.859375000000000000e-02
-5.615234375000000000e-02
-5.615234375000000000e-02
-5.615234375000000000e-02
-5.615234375000000000e-02
-5.859375000000000000e-02
-5.859375000000000000e-02
-6.103515625000000000e-02
-6.103515625000000000e-02
-6.103515625000000000e-02
-5.859375000000000000e-02
-5.615234375000000000e-02
-5.859375000000000000e-02
-5.859375000000000000e-02
-6.103515625000000000e-02
-5.859375000000000000e-02
-6.103515625000000000e-02
-6.347656250000000000e-02
-6.103515625000000000e-02
-5.859375000000000000e-02
-5.615234375000000000e-02
-5.859375000000000000e-02
-6.103515625000000000e-02
-5.859375000000000000e-02
-5.859375000000000000e-02
-5.615234375000000000e-02
-5.859375000000000000e-02
-5.859375000000000000e-02
-5.859375000000000000e-02
-6.103515625000000000e-02
-6.347656250000000000e-02
-6.103515625000000000e-02
-5.859375000000000000e-02
-5.615234375000000000e-02
-5.859375000000000000e-02
-5.859375000000000000e-02
-6.103515625000000000e-02
-6.103515625000000000e-02
-5.859375000000000000e-02
-5.615234375000000000e-02
-5.615234375000000000e-02
-5.859375000000000000e-02
-5.615234375000000000e-02
-6.103515625000000000e-02
-5.859375000000000000e-02
-5.859375000000000000e-02
-5.615234375000000000e-02
-5.615234375000000000e-02
-5.859375000000000000e-02
-5.859375000000000000e-02
-5.859375000000000000e-02
-5.859375000000000000e-02
-6.103515625000000000e-02
-6.103515625000000000e-02
-6.103515625000000000e-02
-5.859375000000000000e-02
-5.859375000000000000e-02
-5.859375000000000000e-02
-5.859375000000000000e-02
-6.103515625000000000e-02
-5.859375000000000000e-02
-5.859375000000000000e-02
-5.859375000000000000e-02
-6.347656250000000000e-02
-6.347656250000000000e-02
-6.103515625000000000e-02
-6.103515625000000000e-02
-5.859375000000000000e-02
-5.615234375000000000e-02
-5.615234375000000000e-02
-5.615234375000000000e-02
-5.859375000000000000e-02
-6.103515625000000000e-02
-6.103515625000000000e-02
-5.859375000000000000e-02
-5.859375000000000000e-02
-5.859375000000000000e-02
-5.859375000000000000e-02
-5.859375000000000000e-02
-6.103515625000000000e-02
-6.103515625000000000e-02
-6.103515625000000000e-02
-5.859375000000000000e-02
-5.859375000000000000e-02
-5.859375000000000000e-02
-5.615234375000000000e-02
-6.103515625000000000e-02
-6.103515625000000000e-02
-5.859375000000000000e-02
-5.859375000000000000e-02
-5.859375000000000000e-02
-5.615234375000000000e-02
-5.859375000000000000e-02
-6.103515625000000000e-02
-6.103515625000000000e-02
-6.103515625000000000e-02
-6.103515625000000000e-02
-6.103515625000000000e-02
-5.859375000000000000e-02
-6.103515625000000000e-02
-6.103515625000000000e-02
-6.103515625000000000e-02
-6.103515625000000000e-02
-5.859375000000000000e-02
-5.859375000000000000e-02
-6.103515625000000000e-02
-6.103515625000000000e-02
-6.103515625000000000e-02
-6.103515625000000000e-02
-5.859375000000000000e-02
-6.103515625000000000e-02
-5.615234375000000000e-02
-5.859375000000000000e-02
-5.859375000000000000e-02
-6.103515625000000000e-02
-6.103515625000000000e-02
-6.103515625000000000e-02
-6.347656250000000000e-02
-6.103515625000000000e-02
-5.859375000000000000e-02
-5.859375000000000000e-02
-5.859375000000000000e-02
-6.103515625000000000e-02
-5.859375000000000000e-02
-5.859375000000000000e-02
-5.859375000000000000e-02
-6.103515625000000000e-02
-6.103515625000000000e-02
-6.103515625000000000e-02
-5.859375000000000000e-02
-5.859375000000000000e-02
-6.103515625000000000e-02
-6.103515625000000000e-02
-5.859375000000000000e-02
-5.859375000000000000e-02
-5.859375000000000000e-02
-6.103515625000000000e-02
-6.103515625000000000e-02
-6.347656250000000000e-02
-6.347656250000000000e-02
-6.103515625000000000e-02
-6.103515625000000000e-02
-6.103515625000000000e-02
-6.347656250000000000e-02
-6.347656250000000000e-02
-6.591796875000000000e-02
-6.591796875000000000e-02
-6.347656250000000000e-02
-6.347656250000000000e-02
-6.347656250000000000e-02
-6.347656250000000000e-02
-6.347656250000000000e-02
-6.103515625000000000e-02
-6.347656250000000000e-02
-6.103515625000000000e-02
-6.347656250000000000e-02
-6.103515625000000000e-02
-6.347656250000000000e-02
-6.347656250000000000e-02
-6.347656250000000000e-02
-6.347656250000000000e-02
-6.103515625000000000e-02
-6.347656250000000000e-02
-6.347656250000000000e-02
-6.347656250000000000e-02
-6.347656250000000000e-02
-6.103515625000000000e-02
-6.347656250000000000e-02
-6.347656250000000000e-02
-6.347656250000000000e-02
-6.347656250000000000e-02
-6.591796875000000000e-02
-6.347656250000000000e-02
-6.103515625000000000e-02
-6.347656250000000000e-02
-6.347656250000000000e-02
-6.347656250000000000e-02
-6.347656250000000000e-02
-6.103515625000000000e-02
-6.103515625000000000e-02
-6.591796875000000000e-02
-6.347656250000000000e-02
-6.347656250000000000e-02
-6.347656250000000000e-02
-6.347656250000000000e-02
-6.591796875000000000e-02
-6.347656250000000000e-02
-6.103515625000000000e-02
-6.103515625000000000e-02
-6.347656250000000000e-02
-6.347656250000000000e-02
-6.347656250000000000e-02
-6.103515625000000000e-02
-6.347656250000000000e-02
-6.591796875000000000e-02
-6.347656250000000000e-02
-6.103515625000000000e-02
-6.103515625000000000e-02
-6.347656250000000000e-02
-6.347656250000000000e-02
-6.591796875000000000e-02
-6.591796875000000000e-02
-6.347656250000000000e-02
-6.347656250000000000e-02
-6.347656250000000000e-02
-6.347656250000000000e-02
-6.347656250000000000e-02
-6.591796875000000000e-02
-6.347656250000000000e-02
-6.591796875000000000e-02
-6.591796875000000000e-02
-6.347656250000000000e-02
-6.347656250000000000e-02
-6.347656250000000000e-02
-6.591796875000000000e-02
-6.591796875000000000e-02
-6.591796875000000000e-02
-6.591796875000000000e-02
-6.347656250000000000e-02
-6.347656250000000000e-02
-6.347656250000000000e-02
-6.347656250000000000e-02
-6.591796875000000000e-02
-6.591796875000000000e-02
-6.347656250000000000e-02
-6.347656250000000000e-02
-6.347656250000000000e-02
-6.347656250000000000e-02
-6.591796875000000000e-02
-6.591796875000000000e-02
-6.835937500000000000e-02
-6.591796875000000000e-02
-6.347656250000000000e-02
-6.347656250000000000e-02
-6.347656250000000000e-02
-6.591796875000000000e-02
-6.591796875000000000e-02
-6.347656250000000000e-02
-6.347656250000000000e-02
-6.347656250000000000e-02
-6.591796875000000000e-02
-6.591796875000000000e-02
-6.835937500000000000e-02
-6.347656250000000000e-02
-6.347656250000000000e-02
-6.103515625000000000e-02
-6.103515625000000000e-02
-6.347656250000000000e-02
-6.591796875000000000e-02
-6.591796875000000000e-02
-6.835937500000000000e-02
-6.835937500000000000e-02
-6.835937500000000000e-02
-6.835937500000000000e-02
-6.347656250000000000e-02
-6.347656250000000000e-02
-6.103515625000000000e-02
-6.347656250000000000e-02
-6.591796875000000000e-02
-6.591796875000000000e-02
-6.591796875000000000e-02
-6.591796875000000000e-02
-6.347656250000000000e-02
-6.347656250000000000e-02
-6.347656250000000000e-02
-6.347656250000000000e-02
-6.591796875000000000e-02
-6.591796875000000000e-02
-6.591796875000000000e-02
-6.591796875000000000e-02
-6.591796875000000000e-02
-6.591796875000000000e-02
-6.347656250000000000e-02
-6.591796875000000000e-02
-6.591796875000000000e-02
-6.591796875000000000e-02
-6.591796875000000000e-02
-6.347656250000000000e-02
-6.591796875000000000e-02
-6.591796875000000000e-02
-6.835937500000000000e-02
-6.835937500000000000e-02
-6.835937500000000000e-02
-6.835937500000000000e-02
-6.591796875000000000e-02
-6.591796875000000000e-02
-6.591796875000000000e-02
-6.591796875000000000e-02
-6.591796875000000000e-02
-6.835937500000000000e-02
-6.347656250000000000e-02
-6.591796875000000000e-02
-6.347656250000000000e-02
-6.591796875000000000e-02
-6.591796875000000000e-02
-6.591796875000000000e-02
-7.080078125000000000e-02
-6.591796875000000000e-02
-6.347656250000000000e-02
-6.347656250000000000e-02
-6.103515625000000000e-02
-6.591796875000000000e-02
-6.591796875000000000e-02
-6.835937500000000000e-02
-6.835937500000000000e-02
-6.835937500000000000e-02
-6.591796875000000000e-02
-6.347656250000000000e-02
-6.591796875000000000e-02
-6.591796875000000000e-02
-6.591796875000000000e-02
-6.835937500000000000e-02
-6.835937500000000000e-02
-7.080078125000000000e-02
-7.080078125000000000e-02
-6.835937500000000000e-02
-6.591796875000000000e-02
-6.591796875000000000e-02
-6.835937500000000000e-02
-6.835937500000000000e-02
-6.835937500000000000e-02
-6.591796875000000000e-02
-6.835937500000000000e-02
-6.835937500000000000e-02
-6.835937500000000000e-02
-7.080078125000000000e-02
-6.591796875000000000e-02
-6.835937500000000000e-02
-6.835937500000000000e-02
-6.347656250000000000e-02
-6.591796875000000000e-02
-6.835937500000000000e-02
-6.835937500000000000e-02
-6.835937500000000000e-02
-6.835937500000000000e-02
-6.591796875000000000e-02
-6.347656250000000000e-02
-6.347656250000000000e-02
-6.591796875000000000e-02
-6.835937500000000000e-02
-7.080078125000000000e-02
-6.835937500000000000e-02
-6.835937500000000000e-02
-6.591796875000000000e-02
-6.591796875000000000e-02
-6.591796875000000000e-02
-6.835937500000000000e-02
-6.835937500000000000e-02
-6.835937500000000000e-02
-6.835937500000000000e-02
-6.591796875000000000e-02
-6.591796875000000000e-02
-6.591796875000000000e-02
-6.835937500000000000e-02
-6.835937500000000000e-02
-7.080078125000000000e-02
-6.835937500000000000e-02
-6.835937500000000000e-02
-6.591796875000000000e-02
-6.591796875000000000e-02
-7.080078125000000000e-02
-6.835937500000000000e-02
-6.835937500000000000e-02
-6.591796875000000000e-02
-6.835937500000000000e-02
-7.080078125000000000e-02
-7.080078125000000000e-02
-7.080078125000000000e-02
-7.080078125000000000e-02
-6.835937500000000000e-02
-6.347656250000000000e-02
-6.591796875000000000e-02
-6.591796875000000000e-02
-6.835937500000000000e-02
-6.835937500000000000e-02
-6.835937500000000000e-02
-6.835937500000000000e-02
-6.591796875000000000e-02
-6.591796875000000000e-02
-6.591796875000000000e-02
-6.347656250000000000e-02
-6.347656250000000000e-02
-6.591796875000000000e-02
-6.835937500000000000e-02
-6.835937500000000000e-02
-6.835937500000000000e-02
-7.080078125000000000e-02
-7.324218750000000000e-02
-6.835937500000000000e-02
-7.080078125000000000e-02
-6.835937500000000000e-02
-6.591796875000000000e-02
-6.835937500000000000e-02
-7.080078125000000000e-02
-7.324218750000000000e-02
-7.080078125000000000e-02
-7.080078125000000000e-02
-7.080078125000000000e-02
-7.324218750000000000e-02
-7.080078125000000000e-02
-7.324218750000000000e-02
-7.324218750000000000e-02
-7.080078125000000000e-02
-7.080078125000000000e-02
-6.835937500000000000e-02
-6.835937500000000000e-02
-6.835937500000000000e-02
-7.080078125000000000e-02
-7.080078125000000000e-02
-7.324218750000000000e-02
-7.324218750000000000e-02
-7.080078125000000000e-02
-7.080078125000000000e-02
-7.080078125000000000e-02
-7.324218750000000000e-02
-7.080078125000000000e-02
-7.080078125000000000e-02
-7.080078125000000000e-02
-7.324218750000000000e-02
-7.324218750000000000e-02
-7.324218750000000000e-02
-7.080078125000000000e-02
-7.080078125000000000e-02
-6.835937500000000000e-02
-6.835937500000000000e-02
-6.591796875000000000e-02
-6.591796875000000000e-02
-6.835937500000000000e-02
-6.835937500000000000e-02
-7.080078125000000000e-02
-7.324218750000000000e-02
-7.080078125000000000e-02
-7.080078125000000000e-02
-6.835937500000000000e-02
-7.080078125000000000e-02
-7.324218750000000000e-02
-7.324218750000000000e-02
-7.080078125000000000e-02
-7.324218750000000000e-02
-7.324218750000000000e-02
-7.324218750000000000e-02
-7.324218750000000000e-02
-7.080078125000000000e-02
-7.568359375000000000e-02
-7.324218750000000000e-02
-7.324218750000000000e-02
-7.080078125000000000e-02
-7.080078125000000000e-02
-7.080078125000000000e-02
-7.080078125000000000e-02
-7.324218750000000000e-02
-7.324218750000000000e-02
-7.080078125000000000e-02
-7.568359375000000000e-02
-7.568359375000000000e-02
-7.568359375000000000e-02
-7.568359375000000000e-02
-7.324218750000000000e-02
-7.324218750000000000e-02
-7.080078125000000000e-02
-7.080078125000000000e-02
-6.835937500000000000e-02
-7.324218750000000000e-02
-7.324218750000000000e-02
-7.568359375000000000e-02
-7.324218750000000000e-02
-7.324218750000000000e-02
-7.080078125000000000e-02
-7.080078125000000000e-02
-7.080078125000000000e-02
-6.835937500000000000e-02
-7.080078125000000000e-02
-7.324218750000000000e-02
-7.324218750000000000e-02
-7.324218750000000000e-02
-7.568359375000000000e-02
-7.324218750000000000e-02
-7.324218750000000000e-02
-7.080078125000000000e-02
-7.324218750000000000e-02
-7.324218750000000000e-02
-7.324218750000000000e-02
-7.324218750000000000e-02
-7.080078125000000000e-02
-7.080078125000000000e-02
-7.080078125000000000e-02
-7.080078125000000000e-02
-7.324218750000000000e-02
-7.568359375000000000e-02
-7.812500000000000000e-02
-7.568359375000000000e-02
-7.324218750000000000e-02
-7.080078125000000000e-02
-7.080078125000000000e-02
-6.835937500000000000e-02
-7.080078125000000000e-02
-7.324218750000000000e-02
-7.324218750000000000e-02
-7.324218750000000000e-02
-7.324218750000000000e-02
-7.324218750000000000e-02
-7.080078125000000000e-02
-7.324218750000000000e-02
-7.324218750000000000e-02
-7.324218750000000000e-02
-7.324218750000000000e-02
-7.324218750000000000e-02
-7.080078125000000000e-02
-7.080078125000000000e-02
-7.324218750000000000e-02
-7.568359375000000000e-02
-7.568359375000000000e-02
-7.568359375000000000e-02
-7.324218750000000000e-02
-7.324218750000000000e-02
-7.080078125000000000e-02
-7.080078125000000000e-02
-7.080078125000000000e-02
-7.080078125000000000e-02
-7.324218750000000000e-02
-7.568359375000000000e-02
-7.568359375000000000e-02
-7.080078125000000000e-02
-7.568359375000000000e-02
-7.568359375000000000e-02
-7.568359375000000000e-02
-7.568359375000000000e-02
-7.324218750000000000e-02
-7.324218750000000000e-02
-7.324218750000000000e-02
-7.568359375000000000e-02
-7.324218750000000000e-02
-7.812500000000000000e-02
-7.568359375000000000e-02
-7.324218750000000000e-02
-7.324218750000000000e-02
-7.324218750000000000e-02
-7.568359375000000000e-02
-7.324218750000000000e-02
-7.324218750000000000e-02
-7.324218750000000000e-02
-7.568359375000000000e-02
-7.324218750000000000e-02
-7.324218750000000000e-02
-7.324218750000000000e-02
-7.080078125000000000e-02
-7.568359375000000000e-02
-7.568359375000000000e-02
-7.568359375000000000e-02
-7.568359375000000000e-02
-7.324218750000000000e-02
-7.324218750000000000e-02
-7.324218750000000000e-02
-7.812500000000000000e-02
-7.812500000000000000e-02
-7.568359375000000000e-02
-7.568359375000000000e-02
-7.324218750000000000e-02
-7.080078125000000000e-02
-7.324218750000000000e-02
-7.080078125000000000e-02
-7.324218750000000000e-02
-7.568359375000000000e-02
-7.324218750000000000e-02
-7.812500000000000000e-02
-7.812500000000000000e-02
-7.568359375000000000e-02
-7.324218750000000000e-02
-7.324218750000000000e-02
-7.324218750000000000e-02
-7.568359375000000000e-02
-7.568359375000000000e-02
-7.812500000000000000e-02
-7.324218750000000000e-02
-7.568359375000000000e-02
-7.568359375000000000e-02
-7.568359375000000000e-02
-7.812500000000000000e-02
-7.812500000000000000e-02
-7.568359375000000000e-02
-7.324218750000000000e-02
-7.080078125000000000e-02
-7.080078125000000000e-02
-7.080078125000000000e-02
-7.324218750000000000e-02
-7.568359375000000000e-02
-7.568359375000000000e-02
-7.812500000000000000e-02
-7.568359375000000000e-02
-7.324218750000000000e-02
-7.324218750000000000e-02
-7.080078125000000000e-02
-7.324218750000000000e-02
-7.568359375000000000e-02
-7.812500000000000000e-02
-7.812500000000000000e-02
-7.568359375000000000e-02
-7.324218750000000000e-02
-7.324218750000000000e-02
-7.324218750000000000e-02
-7.568359375000000000e-02
-7.568359375000000000e-02
-7.812500000000000000e-02
-7.568359375000000000e-02
-7.568359375000000000e-02
-7.568359375000000000e-02
-7.324218750000000000e-02
-7.568359375000000000e-02
-7.568359375000000000e-02
-7.812500000000000000e-02
-7.812500000000000000e-02
-7.568359375000000000e-02
-7.812500000000000000e-02
-7.324218750000000000e-02
-7.568359375000000000e-02
-7.812500000000000000e-02
-7.812500000000000000e-02
-7.812500000000000000e-02
-7.812500000000000000e-02
-8.056640625000000000e-02
-8.056640625000000000e-02
-8.300781250000000000e-02
-8.056640625000000000e-02
-8.056640625000000000e-02
-7.812500000000000000e-02
-8.056640625000000000e-02
-7.812500000000000000e-02
-7.812500000000000000e-02
-7.812500000000000000e-02
-7.812500000000000000e-02
-7.568359375000000000e-02
-7.812500000000000000e-02
-8.056640625000000000e-02
-8.056640625000000000e-02
-8.300781250000000000e-02
-8.300781250000000000e-02
-8.056640625000000000e-02
-7.812500000000000000e-02
-7.812500000000000000e-02
-7.812500000000000000e-02
-8.056640625000000000e-02
-8.056640625000000000e-02
-8.056640625000000000e-02
-7.812500000000000000e-02
-7.812500000000000000e-02
-8.056640625000000000e-02
-8.056640625000000000e-02
-8.056640625000000000e-02
-8.056640625000000000e-02
-7.812500000000000000e-02
-8.056640625000000000e-02
-7.812500000000000000e-02
-7.812500000000000000e-02
-8.056640625000000000e-02
-8.056640625000000000e-02
-8.300781250000000000e-02
-8.300781250000000000e-02
-8.300781250000000000e-02
-8.056640625000000000e-02
-8.056640625000000000e-02
-7.812500000000000000e-02
-7.812500000000000000e-02
-8.056640625000000000e-02
-8.056640625000000000e-02
-8.300781250000000000e-02
-8.300781250000000000e-02
-8.056640625000000000e-02
-8.056640625000000000e-02
-8.056640625000000000e-02
-7.812500000000000000e-02
-7.812500000000000000e-02
-7.812500000000000000e-02
-8.300781250000000000e-02
-8.056640625000000000e-02
-8.300781250000000000e-02
-8.300781250000000000e-02
-8.300781250000000000e-02
-8.056640625000000000e-02
-8.300781250000000000e-02
-8.300781250000000000e-02
-8.056640625000000000e-02
-8.056640625000000000e-02
-8.056640625000000000e-02
-8.056640625000000000e-02
-8.056640625000000000e-02
-7.812500000000000000e-02
-7.812500000000000000e-02
-8.056640625000000000e-02
-8.300781250000000000e-02
-8.300781250000000000e-02
-8.300781250000000000e-02
-8.056640625000000000e-02
-8.056640625000000000e-02
-8.056640625000000000e-02
-8.300781250000000000e-02
-8.056640625000000000e-02
-7.812500000000000000e-02
-7.812500000000000000e-02
-7.812500000000000000e-02
-8.056640625000000000e-02
-8.056640625000000000e-02
-8.300781250000000000e-02
-8.056640625000000000e-02
-8.056640625000000000e-02
-8.056640625000000000e-02
-8.056640625000000000e-02
-8.300781250000000000e-02
-8.300781250000000000e-02
-8.300781250000000000e-02
-8.056640625000000000e-02
-8.056640625000000000e-02
-8.056640625000000000e-02
-8.300781250000000000e-02
-8.300781250000000000e-02
-8.056640625000000000e-02
-8.056640625000000000e-02
-8.300781250000000000e-02
-8.056640625000000000e-02
-8.056640625000000000e-02
-8.056640625000000000e-02
-8.300781250000000000e-02
-8.056640625000000000e-02
-8.300781250000000000e-02
-8.544921875000000000e-02
-8.056640625000000000e-02
-8.300781250000000000e-02
-8.056640625000000000e-02
-8.300781250000000000e-02
-8.300781250000000000e-02
-8.300781250000000000e-02
-8.300781250000000000e-02
-8.056640625000000000e-02
-8.300781250000000000e-02
-8.300781250000000000e-02
-8.544921875000000000e-02
-8.300781250000000000e-02
-8.300781250000000000e-02
-8.300781250000000000e-02
-8.300781250000000000e-02
-8.300781250000000000e-02
-8.056640625000000000e-02
-8.056640625000000000e-02
-8.300781250000000000e-02
-8.544921875000000000e-02
-8.300781250000000000e-02
-8.300781250000000000e-02
-8.300781250000000000e-02
-8.300781250000000000e-02
-8.300781250000000000e-02
-8.544921875000000000e-02
-8.544921875000000000e-02
-8.544921875000000000e-02
-8.789062500000000000e-02
-8.544921875000000000e-02
-8.300781250000000000e-02
-8.544921875000000000e-02
-8.789062500000000000e-02
-8.544921875000000000e-02
-8.789062500000000000e-02
-8.544921875000000000e-02
-8.544921875000000000e-02
-8.544921875000000000e-02
-8.544921875000000000e-02
-8.789062500000000000e-02
-8.300781250000000000e-02
-8.300781250000000000e-02
-8.300781250000000000e-02
-8.300781250000000000e-02
-8.789062500000000000e-02
-8.789062500000000000e-02
-8.789062500000000000e-02
-8.789062500000000000e-02
-8.789062500000000000e-02
-8.544921875000000000e-02
-8.789062500000000000e-02
-8.544921875000000000e-02
-8.789062500000000000e-02
-8.544921875000000000e-02
-8.789062500000000000e-02
-8.544921875000000000e-02
-8.544921875000000000e-02
-8.789062500000000000e-02
-8.789062500000000000e-02
-8.544921875000000000e-02
-8.544921875000000000e-02
-8.544921875000000000e-02
-8.544921875000000000e-02
-8.789062500000000000e-02
-8.789062500000000000e-02
-9.033203125000000000e-02
-8.789062500000000000e-02
-8.544921875000000000e-02
-8.544921875000000000e-02
-8.544921875000000000e-02
-8.544921875000000000e-02
-8.544921875000000000e-02
-8.544921875000000000e-02
-8.544921875000000000e-02
-8.300781250000000000e-02
-8.544921875000000000e-02
-8.789062500000000000e-02
-8.789062500000000000e-02
-8.544921875000000000e-02
-8.544921875000000000e-02
-8.789062500000000000e-02
-8.789062500000000000e-02
-8.789062500000000000e-02
-8.544921875000000000e-02
-8.300781250000000000e-02
-8.300781250000000000e-02
-8.300781250000000000e-02
-8.789062500000000000e-02
-8.544921875000000000e-02
-9.033203125000000000e-02
-9.033203125000000000e-02
-8.789062500000000000e-02
-8.789062500000000000e-02
-8.300781250000000000e-02
-8.544921875000000000e-02
-8.789062500000000000e-02
-8.789062500000000000e-02
-8.544921875000000000e-02
-8.544921875000000000e-02
-8.789062500000000000e-02
-8.789062500000000000e-02
-8.789062500000000000e-02
-8.544921875000000000e-02
-8.544921875000000000e-02
-8.300781250000000000e-02
-8.544921875000000000e-02
-8.789062500000000000e-02
-8.789062500000000000e-02
-8.789062500000000000e-02
-8.544921875000000000e-02
-8.544921875000000000e-02
-8.300781250000000000e-02
-8.789062500000000000e-02
-8.789062500000000000e-02
-8.789062500000000000e-02
-8.789062500000000000e-02
-8.544921875000000000e-02
-8.789062500000000000e-02
-8.544921875000000000e-02
-9.033203125000000000e-02
-8.789062500000000000e-02
-8.789062500000000000e-02
-8.544921875000000000e-02
-8.544921875000000000e-02
-8.789062500000000000e-02
-8.789062500000000000e-02
-8.789062500000000000e-02
-8.789062500000000000e-02
-8.789062500000000000e-02
-8.544921875000000000e-02
-8.789062500000000000e-02
-8.789062500000000000e-02
-9.033203125000000000e-02
-8.789062500000000000e-02
-8.789062500000000000e-02
-8.789062500000000000e-02
-8.789062500000000000e-02
-9.033203125000000000e-02
-8.789062500000000000e-02
-8.789062500000000000e-02
-8.789062500000000000e-02
-9.033203125000000000e-02
-9.033203125000000000e-02
-9.033203125000000000e-02
-8.789062500000000000e-02
-8.789062500000000000e-02
-8.544921875000000000e-02
-8.544921875000000000e-02
-9.033203125000000000e-02
-8.789062500000000000e-02
-9.033203125000000000e-02
-8.544921875000000000e-02
-8.544921875000000000e-02
-8.544921875000000000e-02
-8.544921875000000000e-02
-8.789062500000000000e-02
-8.789062500000000000e-02
-9.033203125000000000e-02
-9.033203125000000000e-02
-9.033203125000000000e-02
-8.789062500000000000e-02
-8.789062500000000000e-02
-8.544921875000000000e-02
-8.789062500000000000e-02
-9.033203125000000000e-02
-8.789062500000000000e-02
-8.789062500000000000e-02
-8.544921875000000000e-02
-8.789062500000000000e-02
-8.789062500000000000e-02
-8.789062500000000000e-02
-8.789062500000000000e-02
-8.544921875000000000e-02
-8.544921875000000000e-02
-8.544921875000000000e-02
-8.544921875000000000e-02
-8.544921875000000000e-02
-8.789062500000000000e-02
-8.789062500000000000e-02
-8.789062500000000000e-02
-8.789062500000000000e-02
-8.789062500000000000e-02
-8.789062500000000000e-02
-8.544921875000000000e-02
-8.544921875000000000e-02
-8.789062500000000000e-02
-9.033203125000000000e-02
-9.277343750000000000e-02
-8.789062500000000000e-02
-8.544921875000000000e-02
-8.544921875000000000e-02
-8.544921875000000000e-02
-8.544921875000000000e-02
-8.789062500000000000e-02
-8.789062500000000000e-02
-8.789062500000000000e-02
-8.544921875000000000e-02
-8.544921875000000000e-02
-9.033203125000000000e-02
-9.033203125000000000e-02
-8.789062500000000000e-02
-9.033203125000000000e-02
-8.789062500000000000e-02
-8.789062500000000000e-02
-8.789062500000000000e-02
-9.033203125000000000e-02
-9.033203125000000000e-02
-8.789062500000000000e-02
-8.789062500000000000e-02
-8.789062500000000000e-02
-8.789062500000000000e-02
-9.033203125000000000e-02
-9.033203125000000000e-02
-9.033203125000000000e-02
-8.789062500000000000e-02
-8.789062500000000000e-02
-8.544921875000000000e-02
-8.789062500000000000e-02
-8.300781250000000000e-02
-8.789062500000000000e-02
-8.789062500000000000e-02
-9.033203125000000000e-02
-9.033203125000000000e-02
-8.789062500000000000e-02
-8.789062500000000000e-02
-8.789062500000000000e-02
-8.544921875000000000e-02
-8.789062500000000000e-02
-9.033203125000000000e-02
-9.033203125000000000e-02
-9.033203125000000000e-02
-8.789062500000000000e-02
-8.789062500000000000e-02
-8.789062500000000000e-02
-8.789062500000000000e-02
-8.789062500000000000e-02
-8.789062500000000000e-02
-8.789062500000000000e-02
-9.033203125000000000e-02
-9.033203125000000000e-02
-9.033203125000000000e-02
-9.033203125000000000e-02
-9.033203125000000000e-02
-9.033203125000000000e-02
-8.789062500000000000e-02
-8.789062500000000000e-02
-8.789062500000000000e-02
-8.789062500000000000e-02
-9.033203125000000000e-02
-9.033203125000000000e-02
-9.033203125000000000e-02
-8.789062500000000000e-02
-9.033203125000000000e-02
-8.544921875000000000e-02
-8.789062500000000000e-02
-8.544921875000000000e-02
-8.789062500000000000e-02
-9.033203125000000000e-02
-9.033203125000000000e-02
-9.033203125000000000e-02
-8.789062500000000000e-02
-8.789062500000000000e-02
-9.033203125000000000e-02
-8.789062500000000000e-02
-8.544921875000000000e-02
-8.789062500000000000e-02
-9.033203125000000000e-02
-9.033203125000000000e-02
-9.033203125000000000e-02
-8.789062500000000000e-02
-8.789062500000000000e-02
-8.789062500000000000e-02
-8.789062500000000000e-02
-9.033203125000000000e-02
-9.277343750000000000e-02
-9.033203125000000000e-02
-9.277343750000000000e-02
-9.033203125000000000e-02
-9.033203125000000000e-02
-8.544921875000000000e-02
-8.789062500000000000e-02
-9.033203125000000000e-02
-8.789062500000000000e-02
-9.033203125000000000e-02
-9.033203125000000000e-02
-8.789062500000000000e-02
-8.789062500000000000e-02
-8.789062500000000000e-02
-9.033203125000000000e-02
-9.033203125000000000e-02
-9.033203125000000000e-02
-9.033203125000000000e-02
-8.789062500000000000e-02
-9.033203125000000000e-02
-9.033203125000000000e-02
-9.277343750000000000e-02
-9.277343750000000000e-02
-9.033203125000000000e-02
-9.033203125000000000e-02
-9.033203125000000000e-02
-9.033203125000000000e-02
-9.033203125000000000e-02
-9.033203125000000000e-02
-9.277343750000000000e-02
-9.521484375000000000e-02
-9.033203125000000000e-02
-9.033203125000000000e-02
-9.277343750000000000e-02
-9.277343750000000000e-02
-9.033203125000000000e-02
-9.033203125000000000e-02
-9.033203125000000000e-02
-9.277343750000000000e-02
-9.521484375000000000e-02
-9.521484375000000000e-02
-9.277343750000000000e-02
-9.277343750000000000e-02
-9.277343750000000000e-02
-9.277343750000000000e-02
-9.277343750000000000e-02
-9.033203125000000000e-02
-9.277343750000000000e-02
-9.277343750000000000e-02
-9.521484375000000000e-02
-9.521484375000000000e-02
-9.521484375000000000e-02
-9.277343750000000000e-02
-9.277343750000000000e-02
-9.033203125000000000e-02
-9.033203125000000000e-02
-9.277343750000000000e-02
-9.277343750000000000e-02
-9.033203125000000000e-02
-9.033203125000000000e-02
-9.033203125000000000e-02
-9.277343750000000000e-02
-9.521484375000000000e-02
-9.521484375000000000e-02
-9.521484375000000000e-02
-9.521484375000000000e-02
-9.277343750000000000e-02
-9.033203125000000000e-02
-9.033203125000000000e-02
-9.277343750000000000e-02
-9.521484375000000000e-02
-9.521484375000000000e-02
-9.521484375000000000e-02
-9.521484375000000000e-02
-9.277343750000000000e-02
-9.277343750000000000e-02
-9.033203125000000000e-02
-9.277343750000000000e-02
-9.277343750000000000e-02
-9.277343750000000000e-02
-9.277343750000000000e-02
-9.033203125000000000e-02
-9.521484375000000000e-02
-9.521484375000000000e-02
-9.521484375000000000e-02
-9.765625000000000000e-02
-9.521484375000000000e-02
-9.277343750000000000e-02
-9.277343750000000000e-02
-9.277343750000000000e-02
-9.521484375000000000e-02
-9.521484375000000000e-02
-9.521484375000000000e-02
-9.277343750000000000e-02
-9.277343750000000000e-02
-9.521484375000000000e-02
-9.277343750000000000e-02
-9.521484375000000000e-02
-9.521484375000000000e-02
-9.521484375000000000e-02
-9.277343750000000000e-02
-9.277343750000000000e-02
-9.277343750000000000e-02
-9.033203125000000000e-02
-9.277343750000000000e-02
-9.521484375000000000e-02
-9.521484375000000000e-02
-9.521484375000000000e-02
-9.277343750000000000e-02
-9.277343750000000000e-02
-9.277343750000000000e-02
-9.521484375000000000e-02
-9.277343750000000000e-02
-9.277343750000000000e-02
-9.277343750000000000e-02
-9.277343750000000000e-02
-9.521484375000000000e-02
-9.521484375000000000e-02
-9.521484375000000000e-02
-9.521484375000000000e-02
-9.521484375000000000e-02
-9.521484375000000000e-02
-9.521484375000000000e-02
-9.521484375000000000e-02
-9.765625000000000000e-02
-9.521484375000000000e-02
-9.277343750000000000e-02
-9.277343750000000000e-02
-9.277343750000000000e-02
-9.521484375000000000e-02
-9.765625000000000000e-02
-9.765625000000000000e-02
-9.765625000000000000e-02
-9.521484375000000000e-02
-9.521484375000000000e-02
-9.765625000000000000e-02
-9.765625000000000000e-02
-9.521484375000000000e-02
-9.521484375000000000e-02
-9.765625000000000000e-02
-9.765625000000000000e-02
-1.000976562500000000e-01
-9.521484375000000000e-02
-9.521484375000000000e-02
-9.521484375000000000e-02
-9.765625000000000000e-02
-9.765625000000000000e-02
-9.521484375000000000e-02
-9.521484375000000000e-02
-9.521484375000000000e-02
-9.521484375000000000e-02
-9.521484375000000000e-02
-9.521484375000000000e-02
-9.521484375000000000e-02
-9.521484375000000000e-02
-1.000976562500000000e-01
-9.765625000000000000e-02
-9.765625000000000000e-02
-9.521484375000000000e-02
-9.521484375000000000e-02
-9.277343750000000000e-02
-9.277343750000000000e-02
-9.521484375000000000e-02
-9.765625000000000000e-02
-9.765625000000000000e-02
-9.521484375000000000e-02
-9.277343750000000000e-02
-9.765625000000000000e-02
-9.521484375000000000e-02
-9.765625000000000000e-02
-9.521484375000000000e-02
-9.521484375000000000e-02
-9.277343750000000000e-02
-9.765625000000000000e-02
-9.521484375000000000e-02
-9.521484375000000000e-02
-9.521484375000000000e-02
-9.521484375000000000e-02
-9.765625000000000000e-02
-9.521484375000000000e-02
-1.000976562500000000e-01
-9.765625000000000000e-02
-9.521484375000000000e-02
-9.521484375000000000e-02
-9.765625000000000000e-02
-9.765625000000000000e-02
-9.765625000000000000e-02
-9.521484375000000000e-02
-9.521484375000000000e-02
-9.521484375000000000e-02
-9.765625000000000000e-02
-9.765625000000000000e-02
-9.765625000000000000e-02
-9.521484375000000000e-02
-9.521484375000000000e-02
-9.521484375000000000e-02
-9.277343750000000000e-02
-9.521484375000000000e-02
-9.765625000000000000e-02
-1.000976562500000000e-01
-9.765625000000000000e-02
-9.521484375000000000e-02
-9.521484375000000000e-02
-9.765625000000000000e-02
-9.765625000000000000e-02
-9.765625000000000000e-02
-9.765625000000000000e-02
-9.521484375000000000e-02
-9.765625000000000000e-02
-9.765625000000000000e-02
-9.765625000000000000e-02
-9.521484375000000000e-02
-9.521484375000000000e-02
-9.765625000000000000e-02
-9.765625000000000000e-02
-9.765625000000000000e-02
-9.521484375000000000e-02
-9.765625000000000000e-02
-9.765625000000000000e-02
-9.765625000000000000e-02
-1.000976562500000000e-01
-9.765625000000000000e-02
-9.765625000000000000e-02
-9.521484375000000000e-02
-9.765625000000000000e-02
-9.765625000000000000e-02
-1.000976562500000000e-01
-1.000976562500000000e-01
-1.000976562500000000e-01
-9.765625000000000000e-02
-9.521484375000000000e-02
-9.765625000000000000e-02
-1.000976562500000000e-01
-1.025390625000000000e-01
-1.000976562500000000e-01
-1.025390625000000000e-01
-9.765625000000000000e-02
-9.765625000000000000e-02
-9.765625000000000000e-02
-9.765625000000000000e-02
-1.000976562500000000e-01
-9.765625000000000000e-02
-1.000976562500000000e-01
-1.025390625000000000e-01
-1.025390625000000000e-01
-1.000976562500000000e-01
-9.765625000000000000e-02
-9.765625000000000000e-02
-1.000976562500000000e-01
-1.000976562500000000e-01
-1.000976562500000000e-01
-1.000976562500000000e-01
-1.025390625000000000e-01
-1.000976562500000000e-01
-9.765625000000000000e-02
-1.025390625000000000e-01
-1.025390625000000000e-01
-1.025390625000000000e-01
-1.000976562500000000e-01
-1.000976562500000000e-01
-1.000976562500000000e-01
-1.025390625000000000e-01
-1.000976562500000000e-01
-1.000976562500000000e-01
-1.000976562500000000e-01
-1.000976562500000000e-01
-1.000976562500000000e-01
-1.000976562500000000e-01
-1.025390625000000000e-01
-1.025390625000000000e-01
-1.000976562500000000e-01
-1.000976562500000000e-01
-1.000976562500000000e-01
-1.025390625000000000e-01
-1.000976562500000000e-01
-1.000976562500000000e-01
-1.000976562500000000e-01
-1.000976562500000000e-01
-1.000976562500000000e-01
-1.000976562500000000e-01
-1.000976562500000000e-01
-1.025390625000000000e-01
-1.025390625000000000e-01
-1.025390625000000000e-01
-1.000976562500000000e-01
-1.000976562500000000e-01
-9.765625000000000000e-02
-1.000976562500000000e-01
-1.000976562500000000e-01
-1.025390625000000000e-01
-1.049804687500000000e-01
-1.074218750000000000e-01
-1.049804687500000000e-01
-1.025390625000000000e-01
-1.000976562500000000e-01
-1.000976562500000000e-01
-1.025390625000000000e-01
-1.025390625000000000e-01
-1.025390625000000000e-01
-1.000976562500000000e-01
-1.000976562500000000e-01
-1.025390625000000000e-01
-1.025390625000000000e-01
-1.000976562500000000e-01
-1.025390625000000000e-01
-1.025390625000000000e-01
-1.000976562500000000e-01
-1.000976562500000000e-01
-1.000976562500000000e-01
-1.000976562500000000e-01
-1.000976562500000000e-01
-1.025390625000000000e-01
-1.025390625000000000e-01
-1.025390625000000000e-01
-1.000976562500000000e-01
-1.000976562500000000e-01
-1.025390625000000000e-01
-1.025390625000000000e-01
-1.025390625000000000e-01
-1.000976562500000000e-01
-1.025390625000000000e-01
-1.025390625000000000e-01
-1.025390625000000000e-01
-1.000976562500000000e-01
-1.000976562500000000e-01
-1.025390625000000000e-01
-1.025390625000000000e-01
-1.025390625000000000e-01
-1.000976562500000000e-01
-1.000976562500000000e-01
-1.000976562500000000e-01
-1.000976562500000000e-01
-1.025390625000000000e-01
-1.025390625000000000e-01
-1.025390625000000000e-01
-1.025390625000000000e-01
-1.000976562500000000e-01
-1.000976562500000000e-01
-1.000976562500000000e-01
-1.025390625000000000e-01
-1.025390625000000000e-01
-1.049804687500000000e-01
-1.000976562500000000e-01
-1.000976562500000000e-01
-1.025390625000000000e-01
-1.025390625000000000e-01
-1.025390625000000000e-01
-1.025390625000000000e-01
-1.025390625000000000e-01
-1.000976562500000000e-01
-1.000976562500000000e-01
-1.000976562500000000e-01
-9.765625000000000000e-02
-1.000976562500000000e-01
-1.025390625000000000e-01
-1.025390625000000000e-01
-1.049804687500000000e-01
-1.025390625000000000e-01
-1.000976562500000000e-01
-1.025390625000000000e-01
-1.025390625000000000e-01
-1.025390625000000000e-01
-1.025390625000000000e-01
-1.000976562500000000e-01
-1.000976562500000000e-01
-1.025390625000000000e-01
-1.025390625000000000e-01
-1.049804687500000000e-01
-1.049804687500000000e-01
-1.049804687500000000e-01
-1.025390625000000000e-01
-1.025390625000000000e-01
-1.000976562500000000e-01
-1.025390625000000000e-01
-1.049804687500000000e-01
-1.000976562500000000e-01
-1.025390625000000000e-01
-1.000976562500000000e-01
-1.025390625000000000e-01
-1.025390625000000000e-01
-1.049804687500000000e-01
-1.049804687500000000e-01
-1.025390625000000000e-01
-1.025390625000000000e-01
-1.049804687500000000e-01
-1.074218750000000000e-01
-1.049804687500000000e-01
-1.025390625000000000e-01
-1.025390625000000000e-01
-1.025390625000000000e-01
-1.049804687500000000e-01
-1.025390625000000000e-01
-1.025390625000000000e-01
-1.025390625000000000e-01
-1.049804687500000000e-01
-1.025390625000000000e-01
-1.000976562500000000e-01
-1.025390625000000000e-01
-1.025390625000000000e-01
-1.025390625000000000e-01
-1.025390625000000000e-01
-1.025390625000000000e-01
-1.049804687500000000e-01
-1.049804687500000000e-01
-1.049804687500000000e-01
-1.025390625000000000e-01
-1.025390625000000000e-01
-1.025390625000000000e-01
-1.049804687500000000e-01
-1.049804687500000000e-01
-1.049804687500000000e-01
-1.025390625000000000e-01
-1.025390625000000000e-01
-1.025390625000000000e-01
-1.025390625000000000e-01
-1.025390625000000000e-01
-1.049804687500000000e-01
-1.074218750000000000e-01
-1.049804687500000000e-01
-1.049804687500000000e-01
-1.025390625000000000e-01
-1.000976562500000000e-01
-1.025390625000000000e-01
-1.000976562500000000e-01
-1.025390625000000000e-01
-1.049804687500000000e-01
-1.049804687500000000e-01
-1.074218750000000000e-01
-1.049804687500000000e-01
-1.049804687500000000e-01
-1.025390625000000000e-01
-1.000976562500000000e-01
-1.025390625000000000e-01
-1.049804687500000000e-01
-1.049804687500000000e-01
-1.074218750000000000e-01
-1.025390625000000000e-01
-1.049804687500000000e-01
-1.049804687500000000e-01
-1.025390625000000000e-01
-1.049804687500000000e-01
-1.049804687500000000e-01
-1.049804687500000000e-01
-1.025390625000000000e-01
-1.025390625000000000e-01
-1.049804687500000000e-01
-1.074218750000000000e-01
-1.049804687500000000e-01
-1.074218750000000000e-01
-1.049804687500000000e-01
-1.025390625000000000e-01
-1.025390625000000000e-01
-1.074218750000000000e-01
-1.074218750000000000e-01
-1.074218750000000000e-01
-1.074218750000000000e-01
-1.074218750000000000e-01
-1.098632812500000000e-01
-1.098632812500000000e-01
-1.098632812500000000e-01
-1.074218750000000000e-01
-1.074218750000000000e-01
-1.074218750000000000e-01
-1.098632812500000000e-01
-1.074218750000000000e-01
-1.049804687500000000e-01
-1.074218750000000000e-01
-1.098632812500000000e-01
-1.098632812500000000e-01
-1.123046875000000000e-01
-1.074218750000000000e-01
-1.074218750000000000e-01
-1.049804687500000000e-01
-1.074218750000000000e-01
-1.025390625000000000e-01
-9.765625000000000000e-02
-9.765625000000000000e-02
-1.000976562500000000e-01
-1.025390625000000000e-01
-1.049804687500000000e-01
-1.025390625000000000e-01
-1.025390625000000000e-01
-1.049804687500000000e-01
-1.049804687500000000e-01
-1.049804687500000000e-01
-1.049804687500000000e-01
-1.074218750000000000e-01
-1.025390625000000000e-01
-1.049804687500000000e-01
-1.074218750000000000e-01
-1.049804687500000000e-01
-1.074218750000000000e-01
-1.049804687500000000e-01
-1.049804687500000000e-01
-1.025390625000000000e-01
-1.025390625000000000e-01
-1.049804687500000000e-01
-1.074218750000000000e-01
-1.098632812500000000e-01
-1.171875000000000000e-01
-1.147460937500000000e-01
-1.123046875000000000e-01
-1.123046875000000000e-01
-1.123046875000000000e-01
-1.123046875000000000e-01
-1.123046875000000000e-01
-1.123046875000000000e-01
-1.098632812500000000e-01
-1.098632812500000000e-01
-1.074218750000000000e-01
-1.098632812500000000e-01
-1.098632812500000000e-01
-1.074218750000000000e-01
-1.049804687500000000e-01
-1.049804687500000000e-01
-1.074218750000000000e-01
-1.074218750000000000e-01
-1.098632812500000000e-01
-1.098632812500000000e-01
-1.098632812500000000e-01
-1.074218750000000000e-01
-1.074218750000000000e-01
-1.074218750000000000e-01
-1.049804687500000000e-01
-1.074218750000000000e-01
-1.098632812500000000e-01
-1.098632812500000000e-01
-1.098632812500000000e-01
-1.098632812500000000e-01
-1.074218750000000000e-01
-1.074218750000000000e-01
-1.098632812500000000e-01
-1.098632812500000000e-01
-1.098632812500000000e-01
-1.074218750000000000e-01
-1.074218750000000000e-01
-1.074218750000000000e-01
-1.123046875000000000e-01
-1.074218750000000000e-01
-1.074218750000000000e-01
-1.098632812500000000e-01
-1.123046875000000000e-01
-1.123046875000000000e-01
-1.098632812500000000e-01
-1.074218750000000000e-01
-1.098632812500000000e-01
-1.074218750000000000e-01
-1.123046875000000000e-01
-1.098632812500000000e-01
-1.123046875000000000e-01
-1.098632812500000000e-01
-1.074218750000000000e-01
-1.074218750000000000e-01
-1.098632812500000000e-01
-1.098632812500000000e-01
-1.123046875000000000e-01
-1.098632812500000000e-01
-1.098632812500000000e-01
-1.074218750000000000e-01
-1.049804687500000000e-01
-1.098632812500000000e-01
-1.098632812500000000e-01
-1.123046875000000000e-01
-1.123046875000000000e-01
-1.123046875000000000e-01
-1.123046875000000000e-01
-1.098632812500000000e-01
-1.074218750000000000e-01
-1.074218750000000000e-01
-1.098632812500000000e-01
-1.098632812500000000e-01
-1.123046875000000000e-01
-1.123046875000000000e-01
-1.098632812500000000e-01
-1.098632812500000000e-01
-1.074218750000000000e-01
-1.074218750000000000e-01
-1.123046875000000000e-01
-1.123046875000000000e-01
-1.098632812500000000e-01
-1.098632812500000000e-01
-1.098632812500000000e-01
-1.074218750000000000e-01
-1.074218750000000000e-01
-1.098632812500000000e-01
-1.123046875000000000e-01
-1.147460937500000000e-01
-1.123046875000000000e-01
-1.123046875000000000e-01
-1.098632812500000000e-01
-1.074218750000000000e-01
-1.098632812500000000e-01
-1.049804687500000000e-01
-1.098632812500000000e-01
-1.098632812500000000e-01
-1.123046875000000000e-01
-1.123046875000000000e-01
-1.098632812500000000e-01
-1.098632812500000000e-01
-1.098632812500000000e-01
-1.123046875000000000e-01
-1.098632812500000000e-01
-1.074218750000000000e-01
-1.074218750000000000e-01
-1.098632812500000000e-01
-1.098632812500000000e-01
-1.098632812500000000e-01
-1.098632812500000000e-01
-1.098632812500000000e-01
-1.098632812500000000e-01
-1.123046875000000000e-01
-1.123046875000000000e-01
-1.098632812500000000e-01
-1.123046875000000000e-01
-1.123046875000000000e-01
-1.098632812500000000e-01
-1.098632812500000000e-01
-1.098632812500000000e-01
-1.098632812500000000e-01
-1.098632812500000000e-01
-1.098632812500000000e-01
-1.074218750000000000e-01
-1.074218750000000000e-01
-1.098632812500000000e-01
-1.098632812500000000e-01
-1.074218750000000000e-01
-1.098632812500000000e-01
-1.123046875000000000e-01
-1.123046875000000000e-01
-1.098632812500000000e-01
-1.098632812500000000e-01
-1.098632812500000000e-01
-1.123046875000000000e-01
-1.123046875000000000e-01
-1.123046875000000000e-01
-1.147460937500000000e-01
-1.098632812500000000e-01
-1.098632812500000000e-01
-1.074218750000000000e-01
-1.123046875000000000e-01
-1.098632812500000000e-01
-1.123046875000000000e-01
-1.098632812500000000e-01
-1.098632812500000000e-01
-1.098632812500000000e-01
-1.098632812500000000e-01
-1.098632812500000000e-01
-1.098632812500000000e-01
-1.123046875000000000e-01
-1.098632812500000000e-01
-1.098632812500000000e-01
-1.098632812500000000e-01
-1.123046875000000000e-01
-1.123046875000000000e-01
-1.147460937500000000e-01
-1.147460937500000000e-01
-1.123046875000000000e-01
-1.123046875000000000e-01
-1.074218750000000000e-01
-1.123046875000000000e-01
-1.123046875000000000e-01
-1.147460937500000000e-01
-1.123046875000000000e-01
-1.123046875000000000e-01
-1.098632812500000000e-01
-1.123046875000000000e-01
-1.123046875000000000e-01
-1.074218750000000000e-01
-1.123046875000000000e-01
-1.123046875000000000e-01
-1.123046875000000000e-01
-1.098632812500000000e-01
-1.098632812500000000e-01
-1.098632812500000000e-01
-1.123046875000000000e-01
-1.098632812500000000e-01
-1.123046875000000000e-01
-1.147460937500000000e-01
-1.123046875000000000e-01
-1.123046875000000000e-01
-1.098632812500000000e-01
-1.123046875000000000e-01
-1.098632812500000000e-01
-1.098632812500000000e-01
-1.098632812500000000e-01
-1.123046875000000000e-01
-1.123046875000000000e-01
-1.123046875000000000e-01
-1.123046875000000000e-01
-1.123046875000000000e-01
-1.123046875000000000e-01
-1.123046875000000000e-01
-1.098632812500000000e-01
-1.098632812500000000e-01
-1.098632812500000000e-01
-1.147460937500000000e-01
-1.123046875000000000e-01
-1.147460937500000000e-01
-1.123046875000000000e-01
-1.098632812500000000e-01
-1.098632812500000000e-01
-1.123046875000000000e-01
-1.123046875000000000e-01
-1.147460937500000000e-01
-1.123046875000000000e-01
-1.123046875000000000e-01
-1.123046875000000000e-01
-1.123046875000000000e-01
-1.123046875000000000e-01
-1.123046875000000000e-01
-1.123046875000000000e-01
-1.123046875000000000e-01
-1.123046875000000000e-01
-1.123046875000000000e-01
-1.123046875000000000e-01
-1.098632812500000000e-01
-1.098632812500000000e-01
-1.098632812500000000e-01
-1.123046875000000000e-01
-1.147460937500000000e-01
-1.147460937500000000e-01
-1.147460937500000000e-01
-1.147460937500000000e-01
-1.123046875000000000e-01
-1.123046875000000000e-01
-1.098632812500000000e-01
-1.123046875000000000e-01
-1.147460937500000000e-01
-1.147460937500000000e-01
-1.147460937500000000e-01
-1.123046875000000000e-01
-1.123046875000000000e-01
-1.123046875000000000e-01
-1.147460937500000000e-01
-1.123046875000000000e-01
-1.123046875000000000e-01
-1.147460937500000000e-01
-1.147460937500000000e-01
-1.147460937500000000e-01
-1.147460937500000000e-01
-1.123046875000000000e-01
-1.123046875000000000e-01
-1.147460937500000000e-01
-1.171875000000000000e-01
-1.171875000000000000e-01
-1.171875000000000000e-01
-1.171875000000000000e-01
-1.123046875000000000e-01
-1.147460937500000000e-01
-1.147460937500000000e-01
-1.147460937500000000e-01
-1.147460937500000000e-01
-1.147460937500000000e-01
-1.171875000000000000e-01
-1.171875000000000000e-01
-1.196289062500000000e-01
-1.196289062500000000e-01
-1.171875000000000000e-01
-1.171875000000000000e-01
-1.147460937500000000e-01
-1.123046875000000000e-01
-1.147460937500000000e-01
-1.171875000000000000e-01
-1.171875000000000000e-01
-1.147460937500000000e-01
-1.171875000000000000e-01
-1.171875000000000000e-01
-1.147460937500000000e-01
-1.147460937500000000e-01
-1.147460937500000000e-01
-1.171875000000000000e-01
-1.171875000000000000e-01
-1.196289062500000000e-01
-1.171875000000000000e-01
-1.171875000000000000e-01
-1.171875000000000000e-01
-1.147460937500000000e-01
-1.147460937500000000e-01
-1.171875000000000000e-01
-1.171875000000000000e-01
-1.196289062500000000e-01
-1.171875000000000000e-01
-1.171875000000000000e-01
-1.147460937500000000e-01
-1.147460937500000000e-01
-1.147460937500000000e-01
-1.147460937500000000e-01
-1.171875000000000000e-01
-1.171875000000000000e-01
-1.171875000000000000e-01
-1.171875000000000000e-01
-1.171875000000000000e-01
-1.147460937500000000e-01
-1.147460937500000000e-01
-1.171875000000000000e-01
-1.196289062500000000e-01
-1.196289062500000000e-01
-1.196289062500000000e-01
-1.196289062500000000e-01
-1.171875000000000000e-01
-1.147460937500000000e-01
-1.171875000000000000e-01
-1.196289062500000000e-01
-1.196289062500000000e-01
-1.171875000000000000e-01
-1.147460937500000000e-01
-1.123046875000000000e-01
-1.123046875000000000e-01
-1.147460937500000000e-01
-1.171875000000000000e-01
-1.171875000000000000e-01
-1.196289062500000000e-01
-1.196289062500000000e-01
-1.171875000000000000e-01
-1.171875000000000000e-01
-1.196289062500000000e-01
-1.196289062500000000e-01
-1.171875000000000000e-01
-1.171875000000000000e-01
-1.147460937500000000e-01
-1.171875000000000000e-01
-1.171875000000000000e-01
-1.196289062500000000e-01
-1.196289062500000000e-01
-1.196289062500000000e-01
-1.171875000000000000e-01
-1.171875000000000000e-01
-1.171875000000000000e-01
-1.171875000000000000e-01
-1.196289062500000000e-01
-1.171875000000000000e-01
-1.171875000000000000e-01
-1.147460937500000000e-01
-1.147460937500000000e-01
-1.171875000000000000e-01
-1.220703125000000000e-01
-1.220703125000000000e-01
-1.196289062500000000e-01
-1.196289062500000000e-01
-1.171875000000000000e-01
-1.171875000000000000e-01
-1.147460937500000000e-01
-1.196289062500000000e-01
-1.196289062500000000e-01
-1.196289062500000000e-01
-1.196289062500000000e-01
-1.171875000000000000e-01
-1.171875000000000000e-01
-1.147460937500000000e-01
-1.171875000000000000e-01
-1.196289062500000000e-01
-1.196289062500000000e-01
-1.196289062500000000e-01
-1.171875000000000000e-01
-1.171875000000000000e-01
-1.147460937500000000e-01
-1.196289062500000000e-01
-1.196289062500000000e-01
-1.196289062500000000e-01
-1.196289062500000000e-01
-1.171875000000000000e-01
-1.196289062500000000e-01
-1.196289062500000000e-01
-1.220703125000000000e-01
-1.196289062500000000e-01
-1.196289062500000000e-01
-1.171875000000000000e-01
-1.196289062500000000e-01
-1.220703125000000000e-01
-1.196289062500000000e-01
-1.196289062500000000e-01
-1.196289062500000000e-01
-1.196289062500000000e-01
-1.171875000000000000e-01
-1.171875000000000000e-01
-1.196289062500000000e-01
-1.171875000000000000e-01
-1.196289062500000000e-01
-1.220703125000000000e-01
-1.171875000000000000e-01
-1.171875000000000000e-01
-1.171875000000000000e-01
-1.196289062500000000e-01
-1.196289062500000000e-01
-1.220703125000000000e-01
-1.196289062500000000e-01
-1.196289062500000000e-01
-1.196289062500000000e-01
-1.220703125000000000e-01
-1.220703125000000000e-01
-1.196289062500000000e-01
-1.171875000000000000e-01
-1.196289062500000000e-01
-1.196289062500000000e-01
-1.196289062500000000e-01
-1.171875000000000000e-01
-1.171875000000000000e-01
-1.171875000000000000e-01
-1.196289062500000000e-01
-1.196289062500000000e-01
-1.196289062500000000e-01
-1.220703125000000000e-01
-1.220703125000000000e-01
-1.196289062500000000e-01
-1.196289062500000000e-01
-1.220703125000000000e-01
-1.196289062500000000e-01
-1.220703125000000000e-01
-1.245117187500000000e-01
-1.196289062500000000e-01
-1.196289062500000000e-01
-1.196289062500000000e-01
-1.220703125000000000e-01
-1.196289062500000000e-01
-1.220703125000000000e-01
-1.196289062500000000e-01
-1.196289062500000000e-01
-1.196289062500000000e-01
-1.220703125000000000e-01
-1.196289062500000000e-01
-1.196289062500000000e-01
-1.171875000000000000e-01
-1.196289062500000000e-01
-1.220703125000000000e-01
-1.220703125000000000e-01
-1.220703125000000000e-01
-1.220703125000000000e-01
-1.196289062500000000e-01
-1.171875000000000000e-01
-1.196289062500000000e-01
-1.220703125000000000e-01
-1.196289062500000000e-01
-1.220703125000000000e-01
-1.196289062500000000e-01
-1.196289062500000000e-01
-1.196289062500000000e-01
-1.220703125000000000e-01
-1.220703125000000000e-01
-1.220703125000000000e-01
-1.196289062500000000e-01
-1.196289062500000000e-01
-1.196289062500000000e-01
-1.196289062500000000e-01
-1.220703125000000000e-01
-1.220703125000000000e-01
-1.220703125000000000e-01
-1.196289062500000000e-01
-1.196289062500000000e-01
-1.171875000000000000e-01
-1.196289062500000000e-01
-1.220703125000000000e-01
-1.220703125000000000e-01
-1.220703125000000000e-01
-1.196289062500000000e-01
-1.171875000000000000e-01
-1.196289062500000000e-01
-1.196289062500000000e-01
-1.220703125000000000e-01
-1.196289062500000000e-01
-1.196289062500000000e-01
-1.220703125000000000e-01
-1.220703125000000000e-01
-1.220703125000000000e-01
-1.196289062500000000e-01
-1.171875000000000000e-01
-1.196289062500000000e-01
-1.196289062500000000e-01
-1.196289062500000000e-01
-1.220703125000000000e-01
-1.220703125000000000e-01
-1.220703125000000000e-01
-1.245117187500000000e-01
-1.196289062500000000e-01
-1.196289062500000000e-01
-1.196289062500000000e-01
-1.220703125000000000e-01
-1.220703125000000000e-01
-1.196289062500000000e-01
-1.220703125000000000e-01
-1.220703125000000000e-01
-1.220703125000000000e-01
-1.220703125000000000e-01
-1.196289062500000000e-01
-1.196289062500000000e-01
-1.196289062500000000e-01
-1.196289062500000000e-01
-1.196289062500000000e-01
-1.171875000000000000e-01
-1.171875000000000000e-01
-1.171875000000000000e-01
-1.196289062500000000e-01
-1.196289062500000000e-01
-1.220703125000000000e-01
-1.245117187500000000e-01
-1.196289062500000000e-01
-1.196289062500000000e-01
-1.196289062500000000e-01
-1.196289062500000000e-01
-1.220703125000000000e-01
-1.220703125000000000e-01
-1.220703125000000000e-01
-1.220703125000000000e-01
-1.196289062500000000e-01
-1.196289062500000000e-01
-1.220703125000000000e-01
-1.196289062500000000e-01
-1.196289062500000000e-01
-1.196289062500000000e-01
-1.171875000000000000e-01
-1.220703125000000000e-01
-1.220703125000000000e-01
-1.196289062500000000e-01
-1.220703125000000000e-01
-1.220703125000000000e-01
-1.220703125000000000e-01
-1.220703125000000000e-01
-1.196289062500000000e-01
-1.196289062500000000e-01
-1.196289062500000000e-01
-1.171875000000000000e-01
-1.220703125000000000e-01
-1.220703125000000000e-01
-1.220703125000000000e-01
-1.220703125000000000e-01
-1.245117187500000000e-01
-1.220703125000000000e-01
-1.196289062500000000e-01
-1.196289062500000000e-01
-1.196289062500000000e-01
-1.196289062500000000e-01
-1.220703125000000000e-01
-1.196289062500000000e-01
-1.196289062500000000e-01
-1.196289062500000000e-01
-1.220703125000000000e-01
-1.220703125000000000e-01
-1.220703125000000000e-01
-1.220703125000000000e-01
-1.220703125000000000e-01
-1.196289062500000000e-01
-1.196289062500000000e-01
-1.196289062500000000e-01
-1.220703125000000000e-01
-1.220703125000000000e-01
-1.245117187500000000e-01
-1.196289062500000000e-01
-1.196289062500000000e-01
-1.196289062500000000e-01
-1.245117187500000000e-01
-1.220703125000000000e-01
-1.245117187500000000e-01
-1.220703125000000000e-01
-1.196289062500000000e-01
-1.196289062500000000e-01
-1.196289062500000000e-01
-1.196289062500000000e-01
-1.196289062500000000e-01
-1.196289062500000000e-01
-1.220703125000000000e-01
-1.220703125000000000e-01
-1.196289062500000000e-01
-1.196289062500000000e-01
-1.220703125000000000e-01
-1.220703125000000000e-01
-1.220703125000000000e-01
-1.196289062500000000e-01
-1.196289062500000000e-01
-1.196289062500000000e-01
-1.171875000000000000e-01
-1.220703125000000000e-01
-1.196289062500000000e-01
-1.196289062500000000e-01
-1.171875000000000000e-01
-1.220703125000000000e-01
-1.196289062500000000e-01
-1.196289062500000000e-01
-1.196289062500000000e-01
-1.171875000000000000e-01
-1.196289062500000000e-01
-1.196289062500000000e-01
-1.220703125000000000e-01
-1.220703125000000000e-01
-1.220703125000000000e-01
-1.220703125000000000e-01
-1.220703125000000000e-01
-1.196289062500000000e-01
-1.220703125000000000e-01
-1.220703125000000000e-01
-1.220703125000000000e-01
-1.245117187500000000e-01
-1.220703125000000000e-01
-1.220703125000000000e-01
-1.196289062500000000e-01
-1.196289062500000000e-01
-1.220703125000000000e-01
-1.220703125000000000e-01
-1.245117187500000000e-01
-1.220703125000000000e-01
-1.220703125000000000e-01
-1.220703125000000000e-01
-1.171875000000000000e-01
-1.196289062500000000e-01
-1.220703125000000000e-01
-1.220703125000000000e-01
-1.220703125000000000e-01
-1.245117187500000000e-01
-1.245117187500000000e-01
-1.220703125000000000e-01
-1.196289062500000000e-01
-1.171875000000000000e-01
-1.220703125000000000e-01
-1.196289062500000000e-01
-1.220703125000000000e-01
-1.220703125000000000e-01
-1.196289062500000000e-01
-1.196289062500000000e-01
-1.196289062500000000e-01
-1.220703125000000000e-01
-1.220703125000000000e-01
-1.220703125000000000e-01
-1.196289062500000000e-01
-1.245117187500000000e-01
-1.245117187500000000e-01
-1.196289062500000000e-01
-1.196289062500000000e-01
-1.220703125000000000e-01
-1.245117187500000000e-01
-1.269531250000000000e-01
-1.269531250000000000e-01
-1.245117187500000000e-01
-1.220703125000000000e-01
-1.245117187500000000e-01
-1.220703125000000000e-01
-1.220703125000000000e-01
-1.245117187500000000e-01
-1.245117187500000000e-01
-1.245117187500000000e-01
-1.220703125000000000e-01
-1.220703125000000000e-01
-1.196289062500000000e-01
-1.245117187500000000e-01
-1.245117187500000000e-01
-1.245117187500000000e-01
-1.245117187500000000e-01
-1.220703125000000000e-01
-1.245117187500000000e-01
-1.220703125000000000e-01
-1.245117187500000000e-01
-1.245117187500000000e-01
-1.245117187500000000e-01
-1.245117187500000000e-01
-1.220703125000000000e-01
-1.220703125000000000e-01
-1.220703125000000000e-01
-1.220703125000000000e-01
-1.245117187500000000e-01
-1.269531250000000000e-01
-1.269531250000000000e-01
-1.220703125000000000e-01
-1.245117187500000000e-01
-1.220703125000000000e-01
-1.245117187500000000e-01
-1.245117187500000000e-01
-1.220703125000000000e-01
-1.245117187500000000e-01
-1.245117187500000000e-01
-1.220703125000000000e-01
-1.220703125000000000e-01
-1.220703125000000000e-01
-1.220703125000000000e-01
-1.220703125000000000e-01
-1.245117187500000000e-01
-1.245117187500000000e-01
-1.220703125000000000e-01
-1.220703125000000000e-01
-1.245117187500000000e-01
-1.245117187500000000e-01
-1.245117187500000000e-01
-1.269531250000000000e-01
-1.220703125000000000e-01
-1.245117187500000000e-01
-1.245117187500000000e-01
-1.245117187500000000e-01
-1.245117187500000000e-01
-1.269531250000000000e-01
-1.245117187500000000e-01
-1.220703125000000000e-01
-1.245117187500000000e-01
-1.245117187500000000e-01
-1.245117187500000000e-01
-1.220703125000000000e-01
-1.245117187500000000e-01
-1.269531250000000000e-01
-1.269531250000000000e-01
-1.245117187500000000e-01
-1.269531250000000000e-01
-1.269531250000000000e-01
-1.245117187500000000e-01
-1.245117187500000000e-01
-1.245117187500000000e-01
-1.245117187500000000e-01
-1.220703125000000000e-01
-1.220703125000000000e-01
-1.245117187500000000e-01
-1.269531250000000000e-01
-1.293945312500000000e-01
-1.269531250000000000e-01
-1.269531250000000000e-01
-1.220703125000000000e-01
-1.245117187500000000e-01
-1.220703125000000000e-01
-1.196289062500000000e-01
-1.245117187500000000e-01
-1.245117187500000000e-01
-1.245117187500000000e-01
-1.269531250000000000e-01
-1.220703125000000000e-01
-1.245117187500000000e-01
-1.220703125000000000e-01
-1.220703125000000000e-01
-1.220703125000000000e-01
-1.220703125000000000e-01
-1.245117187500000000e-01
-1.220703125000000000e-01
-1.269531250000000000e-01
-1.245117187500000000e-01
-1.269531250000000000e-01
-1.269531250000000000e-01
-1.245117187500000000e-01
-1.245117187500000000e-01
-1.269531250000000000e-01
-1.269531250000000000e-01
-1.269531250000000000e-01
-1.245117187500000000e-01
-1.245117187500000000e-01
-1.245117187500000000e-01
-1.220703125000000000e-01
-1.245117187500000000e-01
-1.269531250000000000e-01
-1.269531250000000000e-01
-1.269531250000000000e-01
-1.269531250000000000e-01
-1.269531250000000000e-01
-1.269531250000000000e-01
-1.269531250000000000e-01
-1.245117187500000000e-01
-1.269531250000000000e-01
-1.220703125000000000e-01
-1.245117187500000000e-01
-1.245117187500000000e-01
-1.245117187500000000e-01
-1.293945312500000000e-01
-1.293945312500000000e-01
-1.269531250000000000e-01
-1.269531250000000000e-01
-1.245117187500000000e-01
-1.220703125000000000e-01
-1.245117187500000000e-01
-1.245117187500000000e-01
-1.269531250000000000e-01
-1.269531250000000000e-01
-1.269531250000000000e-01
-1.269531250000000000e-01
-1.245117187500000000e-01
-1.245117187500000000e-01
-1.245117187500000000e-01
-1.269531250000000000e-01
-1.293945312500000000e-01
-1.269531250000000000e-01
-1.269531250000000000e-01
-1.245117187500000000e-01
-1.245117187500000000e-01
-1.269531250000000000e-01
-1.245117187500000000e-01
-1.245117187500000000e-01
-1.245117187500000000e-01
-1.245117187500000000e-01
-1.269531250000000000e-01
-1.245117187500000000e-01
-1.245117187500000000e-01
-1.269531250000000000e-01
-1.269531250000000000e-01
-1.269531250000000000e-01
-1.245117187500000000e-01
-1.269531250000000000e-01
-1.269531250000000000e-01
-1.269531250000000000e-01
-1.269531250000000000e-01
-1.269531250000000000e-01
-1.269531250000000000e-01
-1.269531250000000000e-01
-1.269531250000000000e-01
-1.269531250000000000e-01
-1.269531250000000000e-01
-1.269531250000000000e-01
-1.245117187500000000e-01
-1.220703125000000000e-01
-1.269531250000000000e-01
-1.245117187500000000e-01
-1.269531250000000000e-01
-1.245117187500000000e-01
-1.245117187500000000e-01
-1.245117187500000000e-01
-1.220703125000000000e-01
-1.245117187500000000e-01
-1.269531250000000000e-01
-1.269531250000000000e-01
-1.269531250000000000e-01
-1.293945312500000000e-01
-1.269531250000000000e-01
-1.269531250000000000e-01
-1.245117187500000000e-01
-1.245117187500000000e-01
-1.269531250000000000e-01
-1.245117187500000000e-01
-1.269531250000000000e-01
-1.269531250000000000e-01
-1.245117187500000000e-01
-1.220703125000000000e-01
-1.269531250000000000e-01
-1.269531250000000000e-01
-1.245117187500000000e-01
-1.245117187500000000e-01
-1.269531250000000000e-01
-1.245117187500000000e-01
-1.245117187500000000e-01
-1.245117187500000000e-01
-1.269531250000000000e-01
-1.245117187500000000e-01
-1.245117187500000000e-01
-1.245117187500000000e-01
-1.293945312500000000e-01
-1.293945312500000000e-01
-1.269531250000000000e-01
-1.269531250000000000e-01
-1.245117187500000000e-01
-1.245117187500000000e-01
-1.269531250000000000e-01
-1.269531250000000000e-01
-1.245117187500000000e-01
-1.245117187500000000e-01
-1.269531250000000000e-01
-1.269531250000000000e-01
-1.269531250000000000e-01
-1.293945312500000000e-01
-1.293945312500000000e-01
-1.269531250000000000e-01
-1.269531250000000000e-01
-1.220703125000000000e-01
-1.269531250000000000e-01
-1.293945312500000000e-01
-1.269531250000000000e-01
-1.293945312500000000e-01
-1.269531250000000000e-01
-1.245117187500000000e-01
-1.269531250000000000e-01
-1.293945312500000000e-01
-1.245117187500000000e-01
-1.269531250000000000e-01
-1.269531250000000000e-01
-1.269531250000000000e-01
-1.269531250000000000e-01
-1.269531250000000000e-01
-1.293945312500000000e-01
-1.269531250000000000e-01
-1.245117187500000000e-01
-1.269531250000000000e-01
-1.293945312500000000e-01
-1.269531250000000000e-01
-1.245117187500000000e-01
-1.269531250000000000e-01
-1.269531250000000000e-01
-1.293945312500000000e-01
-1.269531250000000000e-01
-1.293945312500000000e-01
-1.293945312500000000e-01
-1.269531250000000000e-01
-1.269531250000000000e-01
-1.245117187500000000e-01
-1.269531250000000000e-01
-1.269531250000000000e-01
-1.245117187500000000e-01
-1.269531250000000000e-01
-1.245117187500000000e-01
-1.293945312500000000e-01
-1.293945312500000000e-01
-1.269531250000000000e-01
-1.245117187500000000e-01
-1.245117187500000000e-01
-1.269531250000000000e-01
-1.269531250000000000e-01
-1.269531250000000000e-01
-1.245117187500000000e-01
-1.245117187500000000e-01
-1.245117187500000000e-01
-1.293945312500000000e-01
-1.293945312500000000e-01
-1.269531250000000000e-01
-1.245117187500000000e-01
-1.293945312500000000e-01
-1.269531250000000000e-01
-1.269531250000000000e-01
-1.245117187500000000e-01
-1.269531250000000000e-01
-1.269531250000000000e-01
-1.269531250000000000e-01
-1.293945312500000000e-01
-1.269531250000000000e-01
-1.269531250000000000e-01
-1.269531250000000000e-01
-1.269531250000000000e-01
-1.293945312500000000e-01
-1.293945312500000000e-01
-1.318359375000000000e-01
-1.293945312500000000e-01
-1.293945312500000000e-01
-1.269531250000000000e-01
-1.269531250000000000e-01
-1.318359375000000000e-01
-1.293945312500000000e-01
-1.293945312500000000e-01
-1.269531250000000000e-01
-1.269531250000000000e-01
-1.269531250000000000e-01
-1.293945312500000000e-01
-1.293945312500000000e-01
-1.293945312500000000e-01
-1.269531250000000000e-01
-1.245117187500000000e-01
-1.269531250000000000e-01
-1.269531250000000000e-01
-1.293945312500000000e-01
-1.293945312500000000e-01
-1.293945312500000000e-01
-1.269531250000000000e-01
-1.269531250000000000e-01
-1.245117187500000000e-01
-1.269531250000000000e-01
-1.269531250000000000e-01
-1.293945312500000000e-01
-1.293945312500000000e-01
-1.293945312500000000e-01
-1.269531250000000000e-01
-1.293945312500000000e-01
-1.293945312500000000e-01
-1.293945312500000000e-01
-1.293945312500000000e-01
-1.293945312500000000e-01
-1.318359375000000000e-01
-1.293945312500000000e-01
-1.269531250000000000e-01
-1.269531250000000000e-01
-1.269531250000000000e-01
-1.269531250000000000e-01
-1.293945312500000000e-01
-1.269531250000000000e-01
-1.269531250000000000e-01
-1.293945312500000000e-01
-1.293945312500000000e-01
-1.293945312500000000e-01
-1.269531250000000000e-01
-1.293945312500000000e-01
-1.269531250000000000e-01
-1.318359375000000000e-01
-1.293945312500000000e-01
-1.293945312500000000e-01
-1.293945312500000000e-01
-1.269531250000000000e-01
-1.293945312500000000e-01
-1.293945312500000000e-01
-1.293945312500000000e-01
-1.293945312500000000e-01
-1.293945312500000000e-01
-1.269531250000000000e-01
-1.293945312500000000e-01
-1.293945312500000000e-01
-1.293945312500000000e-01
-1.293945312500000000e-01
-1.318359375000000000e-01
-1.269531250000000000e-01
-1.269531250000000000e-01
-1.269531250000000000e-01
-1.293945312500000000e-01
-1.293945312500000000e-01
-1.293945312500000000e-01
-1.318359375000000000e-01
-1.293945312500000000e-01
-1.293945312500000000e-01
-1.293945312500000000e-01
-1.293945312500000000e-01
-1.293945312500000000e-01
-1.293945312500000000e-01
-1.269531250000000000e-01
-1.269531250000000000e-01
-1.269531250000000000e-01
-1.245117187500000000e-01
-1.293945312500000000e-01
-1.293945312500000000e-01
-1.318359375000000000e-01
-1.293945312500000000e-01
-1.293945312500000000e-01
-1.269531250000000000e-01
-1.269531250000000000e-01
-1.293945312500000000e-01
-1.293945312500000000e-01
-1.269531250000000000e-01
-1.269531250000000000e-01
-1.269531250000000000e-01
-1.293945312500000000e-01
-1.293945312500000000e-01
-1.293945312500000000e-01
-1.318359375000000000e-01
-1.318359375000000000e-01
-1.293945312500000000e-01
-1.269531250000000000e-01
-1.293945312500000000e-01
-1.269531250000000000e-01
-1.293945312500000000e-01
-1.318359375000000000e-01
-1.293945312500000000e-01
-1.293945312500000000e-01
-1.293945312500000000e-01
-1.318359375000000000e-01
-1.269531250000000000e-01
-1.269531250000000000e-01
-1.269531250000000000e-01
-1.269531250000000000e-01
-1.293945312500000000e-01
-1.293945312500000000e-01
-1.293945312500000000e-01
-1.293945312500000000e-01
-1.293945312500000000e-01
-1.269531250000000000e-01
-1.269531250000000000e-01
-1.269531250000000000e-01
-1.318359375000000000e-01
-1.293945312500000000e-01
-1.318359375000000000e-01
-1.318359375000000000e-01
-1.293945312500000000e-01
-1.293945312500000000e-01
-1.293945312500000000e-01
-1.318359375000000000e-01
-1.293945312500000000e-01
-1.293945312500000000e-01
-1.318359375000000000e-01
-1.318359375000000000e-01
-1.269531250000000000e-01
-1.293945312500000000e-01
-1.318359375000000000e-01
-1.318359375000000000e-01
-1.293945312500000000e-01
-1.269531250000000000e-01
-1.269531250000000000e-01
-1.293945312500000000e-01
-1.318359375000000000e-01
-1.318359375000000000e-01
-1.293945312500000000e-01
-1.293945312500000000e-01
-1.293945312500000000e-01
-1.269531250000000000e-01
-1.293945312500000000e-01
-1.318359375000000000e-01
-1.293945312500000000e-01
-1.318359375000000000e-01
-1.293945312500000000e-01
-1.293945312500000000e-01
-1.293945312500000000e-01
-1.269531250000000000e-01
-1.269531250000000000e-01
-1.293945312500000000e-01
-1.293945312500000000e-01
-1.269531250000000000e-01
-1.293945312500000000e-01
-1.293945312500000000e-01
-1.318359375000000000e-01
-1.318359375000000000e-01
-1.318359375000000000e-01
-1.293945312500000000e-01
-1.293945312500000000e-01
-1.293945312500000000e-01
-1.318359375000000000e-01
-1.293945312500000000e-01
-1.293945312500000000e-01
-1.293945312500000000e-01
-1.318359375000000000e-01
-1.269531250000000000e-01
-1.269531250000000000e-01
-1.293945312500000000e-01
-1.318359375000000000e-01
-1.318359375000000000e-01
-1.342773437500000000e-01
-1.318359375000000000e-01
-1.293945312500000000e-01
-1.269531250000000000e-01
-1.293945312500000000e-01
-1.293945312500000000e-01
-1.293945312500000000e-01
-1.293945312500000000e-01
-1.293945312500000000e-01
-1.318359375000000000e-01
-1.293945312500000000e-01
-1.269531250000000000e-01
-1.318359375000000000e-01
-1.318359375000000000e-01
-1.318359375000000000e-01
-1.318359375000000000e-01
-1.342773437500000000e-01
-1.293945312500000000e-01
-1.293945312500000000e-01
-1.318359375000000000e-01
-1.293945312500000000e-01
-1.293945312500000000e-01
-1.293945312500000000e-01
-1.318359375000000000e-01
-1.293945312500000000e-01
-1.293945312500000000e-01
-1.293945312500000000e-01
-1.269531250000000000e-01
-1.269531250000000000e-01
-1.269531250000000000e-01
-1.293945312500000000e-01
-1.318359375000000000e-01
-1.342773437500000000e-01
-1.367187500000000000e-01
-1.367187500000000000e-01
-1.342773437500000000e-01
-1.318359375000000000e-01
-1.318359375000000000e-01
-1.293945312500000000e-01
-1.318359375000000000e-01
-1.318359375000000000e-01
-1.342773437500000000e-01
-1.342773437500000000e-01
-1.318359375000000000e-01
-1.293945312500000000e-01
-1.269531250000000000e-01
-1.269531250000000000e-01
-1.293945312500000000e-01
-1.293945312500000000e-01
-1.293945312500000000e-01
-1.293945312500000000e-01
-1.293945312500000000e-01
-1.293945312500000000e-01
-1.293945312500000000e-01
-1.318359375000000000e-01
-1.293945312500000000e-01
-1.293945312500000000e-01
-1.269531250000000000e-01
-1.269531250000000000e-01
-1.293945312500000000e-01
-1.293945312500000000e-01
-1.293945312500000000e-01
-1.293945312500000000e-01
-1.269531250000000000e-01
-1.269531250000000000e-01
-1.293945312500000000e-01
-1.318359375000000000e-01
-1.318359375000000000e-01
-1.318359375000000000e-01
-1.269531250000000000e-01
-1.293945312500000000e-01
-1.269531250000000000e-01
-1.293945312500000000e-01
-1.318359375000000000e-01
-1.318359375000000000e-01
-1.318359375000000000e-01
-1.318359375000000000e-01
-1.318359375000000000e-01
-1.293945312500000000e-01
-1.269531250000000000e-01
-1.269531250000000000e-01
-1.293945312500000000e-01
-1.293945312500000000e-01
-1.318359375000000000e-01
-1.318359375000000000e-01
-1.293945312500000000e-01
-1.293945312500000000e-01
-1.269531250000000000e-01
-1.293945312500000000e-01
-1.318359375000000000e-01
-1.342773437500000000e-01
-1.318359375000000000e-01
-1.293945312500000000e-01
-1.293945312500000000e-01
-1.269531250000000000e-01
-1.293945312500000000e-01
-1.293945312500000000e-01
-1.318359375000000000e-01
-1.342773437500000000e-01
-1.342773437500000000e-01
-1.318359375000000000e-01
-1.293945312500000000e-01
-1.293945312500000000e-01
-1.318359375000000000e-01
-1.318359375000000000e-01
-1.367187500000000000e-01
-1.342773437500000000e-01
-1.342773437500000000e-01
-1.318359375000000000e-01
-1.342773437500000000e-01
-1.318359375000000000e-01
-1.318359375000000000e-01
-1.342773437500000000e-01
-1.342773437500000000e-01
-1.342773437500000000e-01
-1.318359375000000000e-01
-1.318359375000000000e-01
-1.293945312500000000e-01
-1.269531250000000000e-01
-1.293945312500000000e-01
-1.318359375000000000e-01
-1.342773437500000000e-01
-1.367187500000000000e-01
-1.342773437500000000e-01
-1.342773437500000000e-01
-1.318359375000000000e-01
-1.342773437500000000e-01
-1.342773437500000000e-01
-1.367187500000000000e-01
-1.342773437500000000e-01
-1.342773437500000000e-01
-1.318359375000000000e-01
-1.318359375000000000e-01
-1.318359375000000000e-01
-1.342773437500000000e-01
-1.342773437500000000e-01
-1.318359375000000000e-01
-1.318359375000000000e-01
-1.342773437500000000e-01
-1.342773437500000000e-01
-1.342773437500000000e-01
-1.342773437500000000e-01
-1.342773437500000000e-01
-1.318359375000000000e-01
-1.342773437500000000e-01
-1.342773437500000000e-01
-1.342773437500000000e-01
-1.318359375000000000e-01
-1.342773437500000000e-01
-1.342773437500000000e-01
-1.342773437500000000e-01
-1.342773437500000000e-01
-1.342773437500000000e-01
-1.342773437500000000e-01
-1.367187500000000000e-01
-1.367187500000000000e-01
-1.342773437500000000e-01
-1.318359375000000000e-01
-1.342773437500000000e-01
-1.318359375000000000e-01
-1.342773437500000000e-01
-1.367187500000000000e-01
-1.342773437500000000e-01
-1.342773437500000000e-01
-1.342773437500000000e-01
-1.342773437500000000e-01
-1.342773437500000000e-01
-1.342773437500000000e-01
-1.367187500000000000e-01
-1.342773437500000000e-01
-1.342773437500000000e-01
-1.342773437500000000e-01
-1.318359375000000000e-01
-1.342773437500000000e-01
-1.342773437500000000e-01
-1.367187500000000000e-01
-1.342773437500000000e-01
-1.342773437500000000e-01
-1.342773437500000000e-01
-1.318359375000000000e-01
-1.318359375000000000e-01
-1.318359375000000000e-01
-1.342773437500000000e-01
-1.342773437500000000e-01
-1.342773437500000000e-01
-1.342773437500000000e-01
-1.367187500000000000e-01
-1.342773437500000000e-01
-1.318359375000000000e-01
-1.318359375000000000e-01
-1.342773437500000000e-01
-1.367187500000000000e-01
-1.367187500000000000e-01
-1.342773437500000000e-01
-1.318359375000000000e-01
-1.293945312500000000e-01
-1.318359375000000000e-01
-1.342773437500000000e-01
-1.367187500000000000e-01
-1.367187500000000000e-01
-1.342773437500000000e-01
-1.342773437500000000e-01
-1.342773437500000000e-01
-1.342773437500000000e-01
-1.367187500000000000e-01
-1.342773437500000000e-01
-1.342773437500000000e-01
-1.318359375000000000e-01
-1.342773437500000000e-01
-1.342773437500000000e-01
-1.367187500000000000e-01
-1.342773437500000000e-01
-1.342773437500000000e-01
-1.367187500000000000e-01
-1.367187500000000000e-01
-1.367187500000000000e-01
-1.367187500000000000e-01
-1.342773437500000000e-01
-1.342773437500000000e-01
-1.318359375000000000e-01
-1.318359375000000000e-01
-1.342773437500000000e-01
-1.342773437500000000e-01
-1.367187500000000000e-01
-1.342773437500000000e-01
-1.342773437500000000e-01
-1.367187500000000000e-01
-1.367187500000000000e-01
-1.342773437500000000e-01
-1.342773437500000000e-01
-1.342773437500000000e-01
-1.342773437500000000e-01
-1.342773437500000000e-01
-1.318359375000000000e-01
-1.342773437500000000e-01
-1.367187500000000000e-01
-1.367187500000000000e-01
-1.342773437500000000e-01
-1.342773437500000000e-01
-1.367187500000000000e-01
-1.367187500000000000e-01
-1.367187500000000000e-01
-1.342773437500000000e-01
-1.342773437500000000e-01
-1.342773437500000000e-01
-1.342773437500000000e-01
-1.342773437500000000e-01
-1.342773437500000000e-01
-1.367187500000000000e-01
-1.342773437500000000e-01
-1.318359375000000000e-01
-1.318359375000000000e-01
-1.342773437500000000e-01
-1.342773437500000000e-01
-1.391601562500000000e-01
-1.391601562500000000e-01
-1.391601562500000000e-01
-1.367187500000000000e-01
-1.342773437500000000e-01
-1.367187500000000000e-01
-1.342773437500000000e-01
-1.367187500000000000e-01
-1.367187500000000000e-01
-1.367187500000000000e-01
-1.342773437500000000e-01
-1.342773437500000000e-01
-1.342773437500000000e-01
-1.367187500000000000e-01
-1.367187500000000000e-01
-1.391601562500000000e-01
-1.391601562500000000e-01
-1.391601562500000000e-01
-1.342773437500000000e-01
-1.367187500000000000e-01
-1.318359375000000000e-01
-1.342773437500000000e-01
-1.367187500000000000e-01
-1.367187500000000000e-01
-1.367187500000000000e-01
-1.342773437500000000e-01
-1.342773437500000000e-01
-1.367187500000000000e-01
-1.391601562500000000e-01
-1.367187500000000000e-01
-1.367187500000000000e-01
-1.367187500000000000e-01
-1.367187500000000000e-01
-1.367187500000000000e-01
-1.342773437500000000e-01
-1.367187500000000000e-01
-1.367187500000000000e-01
-1.367187500000000000e-01
-1.367187500000000000e-01
-1.342773437500000000e-01
-1.367187500000000000e-01
-1.367187500000000000e-01
-1.367187500000000000e-01
-1.367187500000000000e-01
-1.391601562500000000e-01
-1.367187500000000000e-01
-1.391601562500000000e-01
-1.342773437500000000e-01
-1.342773437500000000e-01
-1.367187500000000000e-01
-1.367187500000000000e-01
-1.391601562500000000e-01
-1.367187500000000000e-01
-1.367187500000000000e-01
-1.391601562500000000e-01
-1.391601562500000000e-01
-1.367187500000000000e-01
-1.367187500000000000e-01
-1.367187500000000000e-01
-1.367187500000000000e-01
-1.367187500000000000e-01
-1.367187500000000000e-01
-1.391601562500000000e-01
-1.367187500000000000e-01
-1.367187500000000000e-01
-1.391601562500000000e-01
-1.367187500000000000e-01
-1.342773437500000000e-01
-1.342773437500000000e-01
-1.367187500000000000e-01
-1.391601562500000000e-01
-1.391601562500000000e-01
-1.391601562500000000e-01
-1.367187500000000000e-01
-1.367187500000000000e-01
-1.367187500000000000e-01
-1.367187500000000000e-01
-1.367187500000000000e-01
-1.367187500000000000e-01
-1.391601562500000000e-01
-1.391601562500000000e-01
-1.416015625000000000e-01
-1.391601562500000000e-01
-1.367187500000000000e-01
-1.367187500000000000e-01
-1.367187500000000000e-01
-1.342773437500000000e-01
-1.367187500000000000e-01
-1.391601562500000000e-01
-1.391601562500000000e-01
-1.416015625000000000e-01
-1.416015625000000000e-01
-1.391601562500000000e-01
-1.391601562500000000e-01
-1.367187500000000000e-01
-1.367187500000000000e-01
-1.391601562500000000e-01
-1.391601562500000000e-01
-1.391601562500000000e-01
-1.367187500000000000e-01
-1.367187500000000000e-01
-1.391601562500000000e-01
-1.391601562500000000e-01
-1.391601562500000000e-01
-1.367187500000000000e-01
-1.391601562500000000e-01
-1.391601562500000000e-01
-1.391601562500000000e-01
-1.367187500000000000e-01
-1.391601562500000000e-01
-1.391601562500000000e-01
-1.391601562500000000e-01
-1.367187500000000000e-01
-1.367187500000000000e-01
-1.391601562500000000e-01
-1.391601562500000000e-01
-1.391601562500000000e-01
-1.391601562500000000e-01
-1.391601562500000000e-01
-1.391601562500000000e-01
-1.391601562500000000e-01
-1.391601562500000000e-01
-1.367187500000000000e-01
-1.391601562500000000e-01
-1.391601562500000000e-01
-1.391601562500000000e-01
-1.367187500000000000e-01
-1.367187500000000000e-01
-1.391601562500000000e-01
-1.391601562500000000e-01
-1.391601562500000000e-01
-1.391601562500000000e-01
-1.367187500000000000e-01
-1.367187500000000000e-01
-1.367187500000000000e-01
-1.391601562500000000e-01
-1.416015625000000000e-01
-1.416015625000000000e-01
-1.416015625000000000e-01
-1.416015625000000000e-01
-1.391601562500000000e-01
-1.391601562500000000e-01
-1.367187500000000000e-01
-1.367187500000000000e-01
-1.391601562500000000e-01
-1.391601562500000000e-01
-1.391601562500000000e-01
-1.391601562500000000e-01
-1.391601562500000000e-01
-1.391601562500000000e-01
-1.391601562500000000e-01
-1.391601562500000000e-01
-1.391601562500000000e-01
-1.367187500000000000e-01
-1.391601562500000000e-01
-1.391601562500000000e-01
-1.391601562500000000e-01
-1.391601562500000000e-01
-1.416015625000000000e-01
-1.416015625000000000e-01
-1.440429687500000000e-01
-1.391601562500000000e-01
-1.391601562500000000e-01
-1.367187500000000000e-01
-1.391601562500000000e-01
-1.416015625000000000e-01
-1.416015625000000000e-01
-1.416015625000000000e-01
-1.367187500000000000e-01
-1.391601562500000000e-01
-1.391601562500000000e-01
-1.367187500000000000e-01
-1.367187500000000000e-01
-1.391601562500000000e-01
-1.391601562500000000e-01
-1.391601562500000000e-01
-1.367187500000000000e-01
-1.367187500000000000e-01
-1.391601562500000000e-01
-1.416015625000000000e-01
-1.416015625000000000e-01
-1.416015625000000000e-01
-1.391601562500000000e-01
-1.391601562500000000e-01
-1.391601562500000000e-01
-1.416015625000000000e-01
-1.440429687500000000e-01
-1.440429687500000000e-01
-1.391601562500000000e-01
-1.391601562500000000e-01
-1.391601562500000000e-01
-1.416015625000000000e-01
-1.416015625000000000e-01
-1.416015625000000000e-01
-1.391601562500000000e-01
-1.391601562500000000e-01
-1.416015625000000000e-01
-1.416015625000000000e-01
-1.391601562500000000e-01
-1.391601562500000000e-01
-1.416015625000000000e-01
-1.416015625000000000e-01
-1.416015625000000000e-01
-1.440429687500000000e-01
-1.416015625000000000e-01
-1.440429687500000000e-01
-1.440429687500000000e-01
-1.391601562500000000e-01
-1.391601562500000000e-01
-1.416015625000000000e-01
-1.440429687500000000e-01
-1.391601562500000000e-01
-1.367187500000000000e-01
-1.416015625000000000e-01
-1.416015625000000000e-01
-1.416015625000000000e-01
-1.367187500000000000e-01
-1.391601562500000000e-01
-1.416015625000000000e-01
-1.391601562500000000e-01
-1.391601562500000000e-01
-1.416015625000000000e-01
-1.416015625000000000e-01
-1.440429687500000000e-01
-1.464843750000000000e-01
-1.440429687500000000e-01
-1.416015625000000000e-01
-1.464843750000000000e-01
-1.416015625000000000e-01
-1.416015625000000000e-01
-1.416015625000000000e-01
-1.464843750000000000e-01
-1.464843750000000000e-01
-1.440429687500000000e-01
-1.440429687500000000e-01
-1.416015625000000000e-01
-1.440429687500000000e-01
-1.440429687500000000e-01
-1.464843750000000000e-01
-1.464843750000000000e-01
-1.440429687500000000e-01
-1.440429687500000000e-01
-1.464843750000000000e-01
-1.440429687500000000e-01
-1.416015625000000000e-01
-1.440429687500000000e-01
-1.440429687500000000e-01
-1.440429687500000000e-01
-1.464843750000000000e-01
-1.440429687500000000e-01
-1.440429687500000000e-01
-1.440429687500000000e-01
-1.440429687500000000e-01
-1.440429687500000000e-01
-1.440429687500000000e-01
-1.416015625000000000e-01
-1.391601562500000000e-01
-1.416015625000000000e-01
-1.440429687500000000e-01
-1.416015625000000000e-01
-1.464843750000000000e-01
-1.440429687500000000e-01
-1.440429687500000000e-01
-1.440429687500000000e-01
-1.416015625000000000e-01
-1.416015625000000000e-01
-1.440429687500000000e-01
-1.440429687500000000e-01
-1.464843750000000000e-01
-1.464843750000000000e-01
-1.440429687500000000e-01
-1.440429687500000000e-01
-1.464843750000000000e-01
-1.440429687500000000e-01
-1.416015625000000000e-01
-1.416015625000000000e-01
-1.440429687500000000e-01
-1.440429687500000000e-01
-1.440429687500000000e-01
-1.440429687500000000e-01
-1.464843750000000000e-01
-1.464843750000000000e-01
-1.440429687500000000e-01
-1.440429687500000000e-01
-1.416015625000000000e-01
-1.440429687500000000e-01
-1.440429687500000000e-01
-1.440429687500000000e-01
-1.440429687500000000e-01
-1.416015625000000000e-01
-1.440429687500000000e-01
-1.464843750000000000e-01
-1.464843750000000000e-01
-1.464843750000000000e-01
-1.464843750000000000e-01
-1.440429687500000000e-01
-1.416015625000000000e-01
-1.416015625000000000e-01
-1.416015625000000000e-01
-1.440429687500000000e-01
-1.440429687500000000e-01
-1.440429687500000000e-01
-1.440429687500000000e-01
-1.416015625000000000e-01
-1.440429687500000000e-01
-1.464843750000000000e-01
-1.464843750000000000e-01
-1.440429687500000000e-01
-1.440429687500000000e-01
-1.416015625000000000e-01
-1.440429687500000000e-01
-1.440429687500000000e-01
-1.464843750000000000e-01
-1.440429687500000000e-01
-1.416015625000000000e-01
-1.416015625000000000e-01
-1.440429687500000000e-01
-1.464843750000000000e-01
-1.464843750000000000e-01
-1.464843750000000000e-01
-1.464843750000000000e-01
-1.440429687500000000e-01
-1.440429687500000000e-01
-1.416015625000000000e-01
-1.464843750000000000e-01
-1.464843750000000000e-01
-1.440429687500000000e-01
-1.440429687500000000e-01
-1.464843750000000000e-01
-1.440429687500000000e-01
-1.440429687500000000e-01
-1.440429687500000000e-01
-1.440429687500000000e-01
-1.440429687500000000e-01
-1.440429687500000000e-01
-1.464843750000000000e-01
-1.464843750000000000e-01
-1.464843750000000000e-01
-1.440429687500000000e-01
-1.440429687500000000e-01
-1.440429687500000000e-01
-1.440429687500000000e-01
-1.416015625000000000e-01
-1.440429687500000000e-01
-1.464843750000000000e-01
-1.464843750000000000e-01
-1.440429687500000000e-01
-1.440429687500000000e-01
-1.440429687500000000e-01
-1.416015625000000000e-01
-1.440429687500000000e-01
-1.440429687500000000e-01
-1.440429687500000000e-01
-1.416015625000000000e-01
-1.440429687500000000e-01
-1.464843750000000000e-01
-1.440429687500000000e-01
-1.440429687500000000e-01
-1.464843750000000000e-01
-1.489257812500000000e-01
-1.489257812500000000e-01
-1.464843750000000000e-01
-1.464843750000000000e-01
-1.464843750000000000e-01
-1.464843750000000000e-01
-1.440429687500000000e-01
-1.440429687500000000e-01
-1.440429687500000000e-01
-1.464843750000000000e-01
-1.464843750000000000e-01
-1.464843750000000000e-01
-1.464843750000000000e-01
-1.440429687500000000e-01
-1.440429687500000000e-01
-1.440429687500000000e-01
-1.440429687500000000e-01
-1.440429687500000000e-01
-1.464843750000000000e-01
-1.464843750000000000e-01
-1.464843750000000000e-01
-1.489257812500000000e-01
-1.489257812500000000e-01
-1.464843750000000000e-01
-1.464843750000000000e-01
-1.440429687500000000e-01
-1.464843750000000000e-01
-1.464843750000000000e-01
-1.440429687500000000e-01
-1.440429687500000000e-01
-1.440429687500000000e-01
-1.464843750000000000e-01
-1.464843750000000000e-01
-1.464843750000000000e-01
-1.440429687500000000e-01
-1.440429687500000000e-01
-1.440429687500000000e-01
-1.416015625000000000e-01
-1.464843750000000000e-01
-1.464843750000000000e-01
-1.489257812500000000e-01
-1.489257812500000000e-01
-1.464843750000000000e-01
-1.464843750000000000e-01
-1.464843750000000000e-01
-1.464843750000000000e-01
-1.489257812500000000e-01
-1.489257812500000000e-01
-1.464843750000000000e-01
-1.464843750000000000e-01
-1.464843750000000000e-01
-1.440429687500000000e-01
-1.464843750000000000e-01
-1.489257812500000000e-01
-1.489257812500000000e-01
-1.464843750000000000e-01
-1.440429687500000000e-01
-1.440429687500000000e-01
-1.464843750000000000e-01
-1.464843750000000000e-01
-1.440429687500000000e-01
-1.416015625000000000e-01
-1.416015625000000000e-01
-1.440429687500000000e-01
-1.464843750000000000e-01
-1.464843750000000000e-01
-1.464843750000000000e-01
-1.440429687500000000e-01
-1.464843750000000000e-01
-1.464843750000000000e-01
-1.489257812500000000e-01
-1.489257812500000000e-01
-1.464843750000000000e-01
-1.464843750000000000e-01
-1.440429687500000000e-01
-1.464843750000000000e-01
-1.464843750000000000e-01
-1.489257812500000000e-01
-1.489257812500000000e-01
-1.489257812500000000e-01
-1.464843750000000000e-01
-1.440429687500000000e-01
-1.440429687500000000e-01
-1.440429687500000000e-01
-1.464843750000000000e-01
-1.464843750000000000e-01
-1.489257812500000000e-01
-1.464843750000000000e-01
-1.489257812500000000e-01
-1.489257812500000000e-01
-1.464843750000000000e-01
-1.464843750000000000e-01
-1.464843750000000000e-01
-1.464843750000000000e-01
-1.464843750000000000e-01
-1.440429687500000000e-01
-1.440429687500000000e-01
-1.464843750000000000e-01
-1.464843750000000000e-01
-1.464843750000000000e-01
-1.464843750000000000e-01
-1.464843750000000000e-01
-1.464843750000000000e-01
-1.464843750000000000e-01
-1.464843750000000000e-01
-1.440429687500000000e-01
-1.440429687500000000e-01
-1.464843750000000000e-01
-1.489257812500000000e-01
-1.489257812500000000e-01
-1.464843750000000000e-01
-1.464843750000000000e-01
-1.464843750000000000e-01
-1.464843750000000000e-01
-1.489257812500000000e-01
-1.464843750000000000e-01
-1.489257812500000000e-01
-1.489257812500000000e-01
-1.464843750000000000e-01
-1.440429687500000000e-01
-1.440429687500000000e-01
-1.464843750000000000e-01
-1.489257812500000000e-01
-1.489257812500000000e-01
-1.489257812500000000e-01
-1.464843750000000000e-01
-1.464843750000000000e-01
-1.440429687500000000e-01
-1.440429687500000000e-01
-1.440429687500000000e-01
-1.464843750000000000e-01
-1.489257812500000000e-01
-1.489257812500000000e-01
-1.464843750000000000e-01
-1.489257812500000000e-01
-1.489257812500000000e-01
-1.489257812500000000e-01
-1.489257812500000000e-01
-1.489257812500000000e-01
-1.464843750000000000e-01
-1.464843750000000000e-01
-1.464843750000000000e-01
-1.489257812500000000e-01
-1.489257812500000000e-01
-1.513671875000000000e-01
-1.513671875000000000e-01
-1.489257812500000000e-01
-1.464843750000000000e-01
-1.416015625000000000e-01
-1.464843750000000000e-01
-1.464843750000000000e-01
-1.489257812500000000e-01
-1.489257812500000000e-01
-1.489257812500000000e-01
-1.464843750000000000e-01
-1.464843750000000000e-01
-1.489257812500000000e-01
-1.489257812500000000e-01
-1.489257812500000000e-01
-1.489257812500000000e-01
-1.464843750000000000e-01
-1.489257812500000000e-01
-1.489257812500000000e-01
-1.489257812500000000e-01
-1.489257812500000000e-01
-1.489257812500000000e-01
-1.538085937500000000e-01
-1.513671875000000000e-01
-1.513671875000000000e-01
-1.489257812500000000e-01
-1.489257812500000000e-01
-1.513671875000000000e-01
-1.513671875000000000e-01
-1.489257812500000000e-01
-1.464843750000000000e-01
-1.489257812500000000e-01
-1.513671875000000000e-01
-1.489257812500000000e-01
-1.464843750000000000e-01
-1.464843750000000000e-01
-1.489257812500000000e-01
-1.489257812500000000e-01
-1.489257812500000000e-01
-1.489257812500000000e-01
-1.464843750000000000e-01
-1.489257812500000000e-01
-1.513671875000000000e-01
-1.513671875000000000e-01
-1.513671875000000000e-01
-1.513671875000000000e-01
-1.489257812500000000e-01
-1.489257812500000000e-01
-1.489257812500000000e-01
-1.464843750000000000e-01
-1.464843750000000000e-01
-1.489257812500000000e-01
-1.489257812500000000e-01
-1.489257812500000000e-01
-1.464843750000000000e-01
-1.489257812500000000e-01
-1.489257812500000000e-01
-1.513671875000000000e-01
-1.538085937500000000e-01
-1.538085937500000000e-01
-1.513671875000000000e-01
-1.513671875000000000e-01
-1.489257812500000000e-01
-1.513671875000000000e-01
-1.538085937500000000e-01
-1.538085937500000000e-01
-1.513671875000000000e-01
-1.489257812500000000e-01
-1.513671875000000000e-01
-1.538085937500000000e-01
-1.513671875000000000e-01
-1.513671875000000000e-01
-1.513671875000000000e-01
-1.489257812500000000e-01
-1.513671875000000000e-01
-1.513671875000000000e-01
-1.489257812500000000e-01
-1.538085937500000000e-01
-1.538085937500000000e-01
-1.513671875000000000e-01
-1.513671875000000000e-01
-1.513671875000000000e-01
-1.513671875000000000e-01
-1.513671875000000000e-01
-1.489257812500000000e-01
-1.489257812500000000e-01
-1.513671875000000000e-01
-1.513671875000000000e-01
-1.538085937500000000e-01
-1.513671875000000000e-01
-1.513671875000000000e-01
-1.538085937500000000e-01
-1.513671875000000000e-01
-1.513671875000000000e-01
-1.513671875000000000e-01
-1.538085937500000000e-01
-1.538085937500000000e-01
-1.513671875000000000e-01
-1.513671875000000000e-01
-1.513671875000000000e-01
-1.538085937500000000e-01
-1.538085937500000000e-01
-1.513671875000000000e-01
-1.513671875000000000e-01
-1.538085937500000000e-01
-1.538085937500000000e-01
-1.538085937500000000e-01
-1.513671875000000000e-01
-1.489257812500000000e-01
-1.513671875000000000e-01
-1.538085937500000000e-01
-1.538085937500000000e-01
-1.538085937500000000e-01
-1.513671875000000000e-01
-1.513671875000000000e-01
-1.513671875000000000e-01
-1.513671875000000000e-01
-1.513671875000000000e-01
-1.513671875000000000e-01
-1.538085937500000000e-01
-1.538085937500000000e-01
-1.538085937500000000e-01
-1.538085937500000000e-01
-1.513671875000000000e-01
-1.562500000000000000e-01
-1.513671875000000000e-01
-1.538085937500000000e-01
-1.538085937500000000e-01
-1.538085937500000000e-01
-1.513671875000000000e-01
-1.562500000000000000e-01
-1.538085937500000000e-01
-1.513671875000000000e-01
-1.538085937500000000e-01
-1.538085937500000000e-01
-1.538085937500000000e-01
-1.538085937500000000e-01
-1.513671875000000000e-01
-1.513671875000000000e-01
-1.513671875000000000e-01
-1.538085937500000000e-01
-1.538085937500000000e-01
-1.562500000000000000e-01
-1.562500000000000000e-01
-1.538085937500000000e-01
-1.513671875000000000e-01
-1.489257812500000000e-01
-1.513671875000000000e-01
-1.538085937500000000e-01
-1.562500000000000000e-01
-1.538085937500000000e-01
-1.538085937500000000e-01
-1.513671875000000000e-01
-1.513671875000000000e-01
-1.513671875000000000e-01
-1.513671875000000000e-01
-1.538085937500000000e-01
-1.538085937500000000e-01
-1.513671875000000000e-01
-1.538085937500000000e-01
-1.513671875000000000e-01
-1.513671875000000000e-01
-1.538085937500000000e-01
-1.538085937500000000e-01
-1.562500000000000000e-01
-1.562500000000000000e-01
-1.538085937500000000e-01
-1.538085937500000000e-01
-1.513671875000000000e-01
-1.538085937500000000e-01
-1.538085937500000000e-01
-1.538085937500000000e-01
-1.538085937500000000e-01
-1.513671875000000000e-01
-1.538085937500000000e-01
-1.538085937500000000e-01
-1.538085937500000000e-01
-1.538085937500000000e-01
-1.538085937500000000e-01
-1.513671875000000000e-01
-1.538085937500000000e-01
-1.538085937500000000e-01
-1.538085937500000000e-01
-1.538085937500000000e-01
-1.513671875000000000e-01
-1.513671875000000000e-01
-1.538085937500000000e-01
-1.562500000000000000e-01
-1.562500000000000000e-01
-1.562500000000000000e-01
-1.538085937500000000e-01
-1.538085937500000000e-01
-1.538085937500000000e-01
-1.513671875000000000e-01
-1.489257812500000000e-01
-1.538085937500000000e-01
-1.562500000000000000e-01
-1.562500000000000000e-01
-1.538085937500000000e-01
-1.538085937500000000e-01
-1.538085937500000000e-01
-1.538085937500000000e-01
-1.513671875000000000e-01
-1.538085937500000000e-01
-1.538085937500000000e-01
-1.562500000000000000e-01
-1.562500000000000000e-01
-1.562500000000000000e-01
-1.513671875000000000e-01
-1.538085937500000000e-01
-1.538085937500000000e-01
-1.562500000000000000e-01
-1.562500000000000000e-01
-1.562500000000000000e-01
-1.538085937500000000e-01
-1.538085937500000000e-01
-1.538085937500000000e-01
-1.562500000000000000e-01
-1.562500000000000000e-01
-1.538085937500000000e-01
-1.562500000000000000e-01
-1.562500000000000000e-01
-1.538085937500000000e-01
-1.538085937500000000e-01
-1.562500000000000000e-01
-1.562500000000000000e-01
-1.538085937500000000e-01
-1.538085937500000000e-01
-1.538085937500000000e-01
-1.538085937500000000e-01
-1.538085937500000000e-01
-1.513671875000000000e-01
-1.538085937500000000e-01
-1.538085937500000000e-01
-1.538085937500000000e-01
-1.538085937500000000e-01
-1.538085937500000000e-01
-1.513671875000000000e-01
-1.538085937500000000e-01
-1.513671875000000000e-01
-1.562500000000000000e-01
-1.562500000000000000e-01
-1.586914062500000000e-01
-1.562500000000000000e-01
-1.538085937500000000e-01
-1.538085937500000000e-01
-1.538085937500000000e-01
-1.562500000000000000e-01
-1.562500000000000000e-01
-1.562500000000000000e-01
-1.538085937500000000e-01
-1.538085937500000000e-01
-1.513671875000000000e-01
-1.538085937500000000e-01
-1.562500000000000000e-01
-1.562500000000000000e-01
-1.586914062500000000e-01
-1.562500000000000000e-01
-1.538085937500000000e-01
-1.562500000000000000e-01
-1.562500000000000000e-01
-1.562500000000000000e-01
-1.562500000000000000e-01
-1.586914062500000000e-01
-1.562500000000000000e-01
-1.538085937500000000e-01
-1.538085937500000000e-01
-1.513671875000000000e-01
-1.562500000000000000e-01
-1.562500000000000000e-01
-1.562500000000000000e-01
-1.538085937500000000e-01
-1.538085937500000000e-01
-1.513671875000000000e-01
-1.513671875000000000e-01
-1.538085937500000000e-01
-1.562500000000000000e-01
-1.562500000000000000e-01
-1.562500000000000000e-01
-1.586914062500000000e-01
-1.562500000000000000e-01
-1.562500000000000000e-01
-1.538085937500000000e-01
-1.538085937500000000e-01
-1.562500000000000000e-01
-1.562500000000000000e-01
-1.562500000000000000e-01
-1.538085937500000000e-01
-1.562500000000000000e-01
-1.538085937500000000e-01
-1.562500000000000000e-01
-1.562500000000000000e-01
-1.586914062500000000e-01
-1.562500000000000000e-01
-1.562500000000000000e-01
-1.538085937500000000e-01
-1.513671875000000000e-01
-1.538085937500000000e-01
-1.538085937500000000e-01
-1.586914062500000000e-01
-1.586914062500000000e-01
-1.586914062500000000e-01
-1.586914062500000000e-01
-1.562500000000000000e-01
-1.562500000000000000e-01
-1.538085937500000000e-01
-1.538085937500000000e-01
-1.538085937500000000e-01
-1.538085937500000000e-01
-1.562500000000000000e-01
-1.562500000000000000e-01
-1.562500000000000000e-01
-1.538085937500000000e-01
-1.562500000000000000e-01
-1.586914062500000000e-01
-1.562500000000000000e-01
-1.562500000000000000e-01
-1.562500000000000000e-01
-1.538085937500000000e-01
-1.538085937500000000e-01
-1.538085937500000000e-01
-1.562500000000000000e-01
-1.586914062500000000e-01
-1.562500000000000000e-01
-1.586914062500000000e-01
-1.586914062500000000e-01
-1.562500000000000000e-01
-1.538085937500000000e-01
-1.562500000000000000e-01
-1.562500000000000000e-01
-1.562500000000000000e-01
-1.562500000000000000e-01
-1.562500000000000000e-01
-1.562500000000000000e-01
-1.562500000000000000e-01
-1.586914062500000000e-01
-1.586914062500000000e-01
-1.562500000000000000e-01
-1.538085937500000000e-01
-1.562500000000000000e-01
-1.538085937500000000e-01
-1.538085937500000000e-01
-1.562500000000000000e-01
-1.562500000000000000e-01
-1.562500000000000000e-01
-1.562500000000000000e-01
-1.562500000000000000e-01
-1.538085937500000000e-01
-1.562500000000000000e-01
-1.586914062500000000e-01
-1.586914062500000000e-01
-1.562500000000000000e-01
-1.538085937500000000e-01
-1.538085937500000000e-01
-1.538085937500000000e-01
-1.562500000000000000e-01
-1.586914062500000000e-01
-1.586914062500000000e-01
-1.538085937500000000e-01
-1.586914062500000000e-01
-1.538085937500000000e-01
-1.538085937500000000e-01
-1.538085937500000000e-01
-1.562500000000000000e-01
-1.586914062500000000e-01
-1.562500000000000000e-01
-1.562500000000000000e-01
-1.538085937500000000e-01
-1.586914062500000000e-01
-1.586914062500000000e-01
-1.586914062500000000e-01
-1.611328125000000000e-01
-1.562500000000000000e-01
-1.586914062500000000e-01
-1.538085937500000000e-01
-1.538085937500000000e-01
-1.562500000000000000e-01
-1.586914062500000000e-01
-1.562500000000000000e-01
-1.562500000000000000e-01
-1.586914062500000000e-01
-1.538085937500000000e-01
-1.562500000000000000e-01
-1.562500000000000000e-01
-1.562500000000000000e-01
-1.538085937500000000e-01
-1.538085937500000000e-01
-1.586914062500000000e-01
-1.611328125000000000e-01
-1.635742187500000000e-01
-1.611328125000000000e-01
-1.611328125000000000e-01
-1.586914062500000000e-01
-1.562500000000000000e-01
-1.562500000000000000e-01
-1.586914062500000000e-01
-1.586914062500000000e-01
-1.586914062500000000e-01
-1.586914062500000000e-01
-1.562500000000000000e-01
-1.562500000000000000e-01
-1.586914062500000000e-01
-1.586914062500000000e-01
-1.586914062500000000e-01
-1.562500000000000000e-01
-1.538085937500000000e-01
-1.538085937500000000e-01
-1.538085937500000000e-01
-1.562500000000000000e-01
-1.586914062500000000e-01
-1.562500000000000000e-01
-1.538085937500000000e-01
-1.538085937500000000e-01
-1.562500000000000000e-01
-1.586914062500000000e-01
-1.586914062500000000e-01
-1.586914062500000000e-01
-1.562500000000000000e-01
-1.562500000000000000e-01
-1.562500000000000000e-01
-1.562500000000000000e-01
-1.562500000000000000e-01
-1.611328125000000000e-01
-1.611328125000000000e-01
-1.586914062500000000e-01
-1.562500000000000000e-01
-1.562500000000000000e-01
-1.538085937500000000e-01
-1.562500000000000000e-01
-1.562500000000000000e-01
-1.562500000000000000e-01
-1.562500000000000000e-01
-1.586914062500000000e-01
-1.611328125000000000e-01
-1.611328125000000000e-01
-1.586914062500000000e-01
-1.586914062500000000e-01
-1.586914062500000000e-01
-1.611328125000000000e-01
-1.586914062500000000e-01
-1.611328125000000000e-01
-1.586914062500000000e-01
-1.562500000000000000e-01
-1.562500000000000000e-01
-1.538085937500000000e-01
-1.562500000000000000e-01
-1.562500000000000000e-01
-1.611328125000000000e-01
-1.635742187500000000e-01
-1.611328125000000000e-01
-1.586914062500000000e-01
-1.586914062500000000e-01
-1.586914062500000000e-01
-1.562500000000000000e-01
-1.586914062500000000e-01
-1.611328125000000000e-01
-1.611328125000000000e-01
-1.611328125000000000e-01
-1.611328125000000000e-01
-1.586914062500000000e-01
-1.586914062500000000e-01
-1.586914062500000000e-01
-1.586914062500000000e-01
-1.611328125000000000e-01
-1.611328125000000000e-01
-1.611328125000000000e-01
-1.586914062500000000e-01
-1.586914062500000000e-01
-1.586914062500000000e-01
-1.635742187500000000e-01
-1.611328125000000000e-01
-1.611328125000000000e-01
-1.586914062500000000e-01
-1.586914062500000000e-01
-1.562500000000000000e-01
-1.586914062500000000e-01
-1.586914062500000000e-01
-1.611328125000000000e-01
-1.611328125000000000e-01
-1.611328125000000000e-01
-1.635742187500000000e-01
-1.611328125000000000e-01
-1.586914062500000000e-01
-1.586914062500000000e-01
-1.562500000000000000e-01
-1.586914062500000000e-01
-1.611328125000000000e-01
-1.611328125000000000e-01
-1.586914062500000000e-01
-1.611328125000000000e-01
-1.611328125000000000e-01
-1.611328125000000000e-01
-1.586914062500000000e-01
-1.586914062500000000e-01
-1.586914062500000000e-01
-1.586914062500000000e-01
-1.586914062500000000e-01
-1.586914062500000000e-01
-1.562500000000000000e-01
-1.586914062500000000e-01
-1.586914062500000000e-01
-1.611328125000000000e-01
-1.611328125000000000e-01
-1.586914062500000000e-01
-1.562500000000000000e-01
-1.586914062500000000e-01
-1.611328125000000000e-01
-1.586914062500000000e-01
-1.586914062500000000e-01
-1.562500000000000000e-01
-1.586914062500000000e-01
-1.611328125000000000e-01
-1.562500000000000000e-01
-1.586914062500000000e-01
-1.586914062500000000e-01
-1.586914062500000000e-01
-1.611328125000000000e-01
-1.586914062500000000e-01
-1.586914062500000000e-01
-1.562500000000000000e-01
-1.562500000000000000e-01
-1.586914062500000000e-01
-1.562500000000000000e-01
-1.562500000000000000e-01
-1.586914062500000000e-01
-1.562500000000000000e-01
-1.586914062500000000e-01
-1.586914062500000000e-01
-1.562500000000000000e-01
-1.586914062500000000e-01
-1.611328125000000000e-01
-1.586914062500000000e-01
-1.562500000000000000e-01
-1.562500000000000000e-01
-1.586914062500000000e-01
-1.586914062500000000e-01
-1.611328125000000000e-01
-1.611328125000000000e-01
-1.586914062500000000e-01
-1.586914062500000000e-01
-1.562500000000000000e-01
-1.562500000000000000e-01
-1.538085937500000000e-01
-1.586914062500000000e-01
-1.586914062500000000e-01
-1.611328125000000000e-01
-1.586914062500000000e-01
-1.586914062500000000e-01
-1.586914062500000000e-01
-1.611328125000000000e-01
-1.611328125000000000e-01
-1.586914062500000000e-01
-1.586914062500000000e-01
-1.611328125000000000e-01
-1.611328125000000000e-01
-1.611328125000000000e-01
-1.586914062500000000e-01
-1.586914062500000000e-01
-1.586914062500000000e-01
-1.586914062500000000e-01
-1.586914062500000000e-01
-1.586914062500000000e-01
-1.586914062500000000e-01
-1.562500000000000000e-01
-1.586914062500000000e-01
-1.586914062500000000e-01
-1.586914062500000000e-01
-1.562500000000000000e-01
-1.611328125000000000e-01
-1.611328125000000000e-01
-1.611328125000000000e-01
-1.586914062500000000e-01
-1.586914062500000000e-01
-1.586914062500000000e-01
-1.611328125000000000e-01
-1.611328125000000000e-01
-1.586914062500000000e-01
-1.611328125000000000e-01
-1.586914062500000000e-01
-1.586914062500000000e-01
-1.562500000000000000e-01
-1.586914062500000000e-01
-1.586914062500000000e-01
-1.611328125000000000e-01
-1.586914062500000000e-01
-1.586914062500000000e-01
-1.562500000000000000e-01
-1.562500000000000000e-01
-1.611328125000000000e-01
-1.586914062500000000e-01
-1.586914062500000000e-01
-1.586914062500000000e-01
-1.562500000000000000e-01
-1.562500000000000000e-01
-1.586914062500000000e-01
-1.611328125000000000e-01
-1.586914062500000000e-01
-1.611328125000000000e-01
-1.586914062500000000e-01
-1.586914062500000000e-01
-1.562500000000000000e-01
-1.611328125000000000e-01
-1.611328125000000000e-01
-1.635742187500000000e-01
-1.586914062500000000e-01
-1.562500000000000000e-01
-1.538085937500000000e-01
-1.538085937500000000e-01
-1.538085937500000000e-01
-1.562500000000000000e-01
-1.586914062500000000e-01
-1.538085937500000000e-01
-1.538085937500000000e-01
-1.562500000000000000e-01
-1.562500000000000000e-01
-1.562500000000000000e-01
-1.538085937500000000e-01
-1.562500000000000000e-01
-1.562500000000000000e-01
-1.538085937500000000e-01
-1.562500000000000000e-01
-1.562500000000000000e-01
-1.586914062500000000e-01
-1.562500000000000000e-01
-1.562500000000000000e-01
-1.562500000000000000e-01
-1.562500000000000000e-01
-1.586914062500000000e-01
-1.586914062500000000e-01
-1.586914062500000000e-01
-1.562500000000000000e-01
-1.562500000000000000e-01
-1.562500000000000000e-01
-1.562500000000000000e-01
-1.586914062500000000e-01
-1.586914062500000000e-01
-1.586914062500000000e-01
-1.611328125000000000e-01
-1.538085937500000000e-01
-1.538085937500000000e-01
-1.562500000000000000e-01
-1.586914062500000000e-01
-1.586914062500000000e-01
-1.611328125000000000e-01
-1.586914062500000000e-01
-1.562500000000000000e-01
-1.586914062500000000e-01
-1.586914062500000000e-01
-1.562500000000000000e-01
-1.586914062500000000e-01
-1.586914062500000000e-01
-1.562500000000000000e-01
-1.562500000000000000e-01
-1.538085937500000000e-01
-1.562500000000000000e-01
-1.586914062500000000e-01
-1.611328125000000000e-01
-1.611328125000000000e-01
-1.635742187500000000e-01
-1.586914062500000000e-01
-1.586914062500000000e-01
-1.586914062500000000e-01
-1.586914062500000000e-01
-1.586914062500000000e-01
-1.586914062500000000e-01
-1.586914062500000000e-01
-1.586914062500000000e-01
-1.562500000000000000e-01
-1.562500000000000000e-01
-1.586914062500000000e-01
-1.586914062500000000e-01
-1.611328125000000000e-01
-1.586914062500000000e-01
-1.586914062500000000e-01
-1.562500000000000000e-01
-1.562500000000000000e-01
-1.562500000000000000e-01
-1.562500000000000000e-01
-1.586914062500000000e-01
-1.611328125000000000e-01
-1.611328125000000000e-01
-1.586914062500000000e-01
-1.586914062500000000e-01
-1.586914062500000000e-01
-1.586914062500000000e-01
-1.611328125000000000e-01
-1.611328125000000000e-01
-1.611328125000000000e-01
-1.586914062500000000e-01
-1.586914062500000000e-01
-1.562500000000000000e-01
-1.586914062500000000e-01
-1.586914062500000000e-01
-1.611328125000000000e-01
-1.611328125000000000e-01
-1.611328125000000000e-01
-1.586914062500000000e-01
-1.562500000000000000e-01
-1.562500000000000000e-01
-1.586914062500000000e-01
-1.611328125000000000e-01
-1.611328125000000000e-01
-1.611328125000000000e-01
-1.586914062500000000e-01
-1.586914062500000000e-01
-1.611328125000000000e-01
-1.611328125000000000e-01
-1.611328125000000000e-01
-1.586914062500000000e-01
-1.562500000000000000e-01
-1.611328125000000000e-01
-1.586914062500000000e-01
-1.562500000000000000e-01
-1.586914062500000000e-01
-1.611328125000000000e-01
-1.611328125000000000e-01
-1.586914062500000000e-01
-1.586914062500000000e-01
-1.586914062500000000e-01
-1.611328125000000000e-01
-1.562500000000000000e-01
-1.562500000000000000e-01
-1.586914062500000000e-01
-1.586914062500000000e-01
-1.611328125000000000e-01
-1.611328125000000000e-01
-1.586914062500000000e-01
-1.586914062500000000e-01
-1.562500000000000000e-01
-1.586914062500000000e-01
-1.586914062500000000e-01
-1.611328125000000000e-01
-1.586914062500000000e-01
-1.586914062500000000e-01
-1.611328125000000000e-01
-1.611328125000000000e-01
-1.586914062500000000e-01
-1.586914062500000000e-01
-1.586914062500000000e-01
-1.586914062500000000e-01
-1.586914062500000000e-01
-1.586914062500000000e-01
-1.586914062500000000e-01
-1.586914062500000000e-01
-1.586914062500000000e-01
-1.611328125000000000e-01
-1.611328125000000000e-01
-1.586914062500000000e-01
-1.586914062500000000e-01
-1.586914062500000000e-01
-1.611328125000000000e-01
-1.611328125000000000e-01
-1.611328125000000000e-01
-1.611328125000000000e-01
-1.586914062500000000e-01
-1.562500000000000000e-01
-1.586914062500000000e-01
-1.586914062500000000e-01
-1.611328125000000000e-01
-1.611328125000000000e-01
-1.586914062500000000e-01
-1.562500000000000000e-01
-1.562500000000000000e-01
-1.586914062500000000e-01
-1.586914062500000000e-01
-1.586914062500000000e-01
-1.586914062500000000e-01
-1.586914062500000000e-01
-1.611328125000000000e-01
-1.611328125000000000e-01
-1.611328125000000000e-01
-1.586914062500000000e-01
-1.586914062500000000e-01
-1.586914062500000000e-01
-1.611328125000000000e-01
-1.586914062500000000e-01
-1.586914062500000000e-01
-1.586914062500000000e-01
-1.586914062500000000e-01
-1.611328125000000000e-01
-1.586914062500000000e-01
-1.586914062500000000e-01
-1.586914062500000000e-01
-1.586914062500000000e-01
-1.586914062500000000e-01
-1.562500000000000000e-01
-1.562500000000000000e-01
-1.538085937500000000e-01
-1.538085937500000000e-01
-1.562500000000000000e-01
-1.562500000000000000e-01
-1.586914062500000000e-01
-1.586914062500000000e-01
-1.562500000000000000e-01
-1.538085937500000000e-01
-1.538085937500000000e-01
-1.586914062500000000e-01
-1.562500000000000000e-01
-1.562500000000000000e-01
-1.538085937500000000e-01
-1.562500000000000000e-01
-1.562500000000000000e-01
-1.586914062500000000e-01
-1.586914062500000000e-01
-1.586914062500000000e-01
-1.562500000000000000e-01
-1.538085937500000000e-01
-1.538085937500000000e-01
-1.538085937500000000e-01
-1.562500000000000000e-01
-1.586914062500000000e-01
-1.586914062500000000e-01
-1.586914062500000000e-01
-1.562500000000000000e-01
-1.562500000000000000e-01
-1.562500000000000000e-01
-1.562500000000000000e-01
-1.562500000000000000e-01
-1.538085937500000000e-01
-1.538085937500000000e-01
-1.586914062500000000e-01
-1.562500000000000000e-01
-1.586914062500000000e-01
-1.562500000000000000e-01
-1.562500000000000000e-01
-1.538085937500000000e-01
-1.538085937500000000e-01
-1.562500000000000000e-01
-1.562500000000000000e-01
-1.562500000000000000e-01
-1.538085937500000000e-01
-1.538085937500000000e-01
-1.562500000000000000e-01
-1.586914062500000000e-01
-1.562500000000000000e-01
-1.562500000000000000e-01
-1.562500000000000000e-01
-1.586914062500000000e-01
-1.562500000000000000e-01
-1.562500000000000000e-01
-1.538085937500000000e-01
-1.538085937500000000e-01
-1.562500000000000000e-01
-1.562500000000000000e-01
-1.586914062500000000e-01
-1.562500000000000000e-01
-1.562500000000000000e-01
-1.538085937500000000e-01
-1.538085937500000000e-01
-1.513671875000000000e-01
-1.538085937500000000e-01
-1.538085937500000000e-01
-1.538085937500000000e-01
-1.538085937500000000e-01
-1.538085937500000000e-01
-1.538085937500000000e-01
-1.562500000000000000e-01
-1.562500000000000000e-01
-1.562500000000000000e-01
-1.538085937500000000e-01
-1.562500000000000000e-01
-1.562500000000000000e-01
-1.586914062500000000e-01
-1.586914062500000000e-01
-1.586914062500000000e-01
-1.586914062500000000e-01
-1.586914062500000000e-01
-1.586914062500000000e-01
-1.538085937500000000e-01
-1.562500000000000000e-01
-1.562500000000000000e-01
-1.562500000000000000e-01
-1.562500000000000000e-01
-1.538085937500000000e-01
-1.562500000000000000e-01
-1.562500000000000000e-01
-1.538085937500000000e-01
-1.538085937500000000e-01
-1.538085937500000000e-01
-1.562500000000000000e-01
-1.562500000000000000e-01
-1.586914062500000000e-01
-1.562500000000000000e-01
-1.538085937500000000e-01
-1.562500000000000000e-01
-1.562500000000000000e-01
-1.586914062500000000e-01
-1.562500000000000000e-01
-1.562500000000000000e-01
-1.538085937500000000e-01
-1.538085937500000000e-01
-1.562500000000000000e-01
-1.586914062500000000e-01
-1.562500000000000000e-01
-1.562500000000000000e-01
-1.538085937500000000e-01
-1.538085937500000000e-01
-1.538085937500000000e-01
-1.538085937500000000e-01
-1.562500000000000000e-01
-1.586914062500000000e-01
-1.586914062500000000e-01
-1.562500000000000000e-01
-1.562500000000000000e-01
-1.538085937500000000e-01
-1.538085937500000000e-01
-1.562500000000000000e-01
-1.562500000000000000e-01
-1.586914062500000000e-01
-1.562500000000000000e-01
-1.538085937500000000e-01
-1.538085937500000000e-01
-1.513671875000000000e-01
-1.562500000000000000e-01
-1.562500000000000000e-01
-1.562500000000000000e-01
-1.586914062500000000e-01
-1.562500000000000000e-01
-1.538085937500000000e-01
-1.538085937500000000e-01
-1.538085937500000000e-01
-1.562500000000000000e-01
-1.586914062500000000e-01
-1.562500000000000000e-01
-1.562500000000000000e-01
-1.538085937500000000e-01
-1.538085937500000000e-01
-1.562500000000000000e-01
-1.562500000000000000e-01
-1.562500000000000000e-01
-1.538085937500000000e-01
-1.538085937500000000e-01
-1.513671875000000000e-01
-1.538085937500000000e-01
-1.538085937500000000e-01
-1.562500000000000000e-01
-1.562500000000000000e-01
-1.562500000000000000e-01
-1.562500000000000000e-01
-1.538085937500000000e-01
-1.513671875000000000e-01
-1.489257812500000000e-01
-1.513671875000000000e-01
-1.538085937500000000e-01
-1.562500000000000000e-01
-1.562500000000000000e-01
-1.562500000000000000e-01
-1.562500000000000000e-01
-1.538085937500000000e-01
-1.538085937500000000e-01
-1.538085937500000000e-01
-1.562500000000000000e-01
-1.562500000000000000e-01
-1.562500000000000000e-01
-1.562500000000000000e-01
-1.562500000000000000e-01
-1.538085937500000000e-01
-1.562500000000000000e-01
-1.562500000000000000e-01
-1.562500000000000000e-01
-1.562500000000000000e-01
-1.538085937500000000e-01
-1.538085937500000000e-01
-1.513671875000000000e-01
-1.513671875000000000e-01
-1.513671875000000000e-01
-1.538085937500000000e-01
-1.562500000000000000e-01
-1.562500000000000000e-01
-1.513671875000000000e-01
-1.562500000000000000e-01
-1.562500000000000000e-01
-1.562500000000000000e-01
-1.538085937500000000e-01
-1.562500000000000000e-01
-1.562500000000000000e-01
-1.562500000000000000e-01
-1.562500000000000000e-01
-1.562500000000000000e-01
-1.538085937500000000e-01
-1.538085937500000000e-01
-1.562500000000000000e-01
-1.562500000000000000e-01
-1.562500000000000000e-01
-1.538085937500000000e-01
-1.538085937500000000e-01
-1.513671875000000000e-01
-1.538085937500000000e-01
-1.538085937500000000e-01
-1.538085937500000000e-01
-1.513671875000000000e-01
-1.538085937500000000e-01
-1.538085937500000000e-01
-1.562500000000000000e-01
-1.562500000000000000e-01
-1.513671875000000000e-01
-1.538085937500000000e-01
-1.538085937500000000e-01
-1.562500000000000000e-01
-1.538085937500000000e-01
-1.562500000000000000e-01
-1.562500000000000000e-01
-1.538085937500000000e-01
-1.538085937500000000e-01
-1.513671875000000000e-01
-1.513671875000000000e-01
-1.513671875000000000e-01
-1.538085937500000000e-01
-1.538085937500000000e-01
-1.538085937500000000e-01
-1.538085937500000000e-01
-1.562500000000000000e-01
-1.562500000000000000e-01
-1.538085937500000000e-01
-1.538085937500000000e-01
-1.538085937500000000e-01
-1.562500000000000000e-01
-1.562500000000000000e-01
-1.562500000000000000e-01
-1.538085937500000000e-01
-1.538085937500000000e-01
-1.538085937500000000e-01
-1.562500000000000000e-01
-1.562500000000000000e-01
-1.538085937500000000e-01
-1.513671875000000000e-01
-1.538085937500000000e-01
-1.538085937500000000e-01
-1.538085937500000000e-01
-1.513671875000000000e-01
-1.513671875000000000e-01
-1.513671875000000000e-01
-1.538085937500000000e-01
-1.538085937500000000e-01
-1.562500000000000000e-01
-1.562500000000000000e-01
-1.538085937500000000e-01
-1.538085937500000000e-01
-1.562500000000000000e-01
-1.562500000000000000e-01
-1.562500000000000000e-01
-1.538085937500000000e-01
-1.538085937500000000e-01
-1.538085937500000000e-01
-1.538085937500000000e-01
-1.538085937500000000e-01
-1.538085937500000000e-01
-1.538085937500000000e-01
-1.513671875000000000e-01
-1.538085937500000000e-01
-1.538085937500000000e-01
-1.538085937500000000e-01
-1.562500000000000000e-01
-1.513671875000000000e-01
-1.513671875000000000e-01
-1.538085937500000000e-01
-1.538085937500000000e-01
-1.538085937500000000e-01
-1.513671875000000000e-01
-1.538085937500000000e-01
-1.538085937500000000e-01
-1.562500000000000000e-01
-1.538085937500000000e-01
-1.538085937500000000e-01
-1.513671875000000000e-01
-1.538085937500000000e-01
-1.538085937500000000e-01
-1.562500000000000000e-01
-1.562500000000000000e-01
-1.538085937500000000e-01
-1.513671875000000000e-01
-1.513671875000000000e-01
-1.489257812500000000e-01
-1.513671875000000000e-01
-1.513671875000000000e-01
-1.513671875000000000e-01
-1.489257812500000000e-01
-1.513671875000000000e-01
-1.538085937500000000e-01
-1.562500000000000000e-01
-1.562500000000000000e-01
-1.538085937500000000e-01
-1.538085937500000000e-01
-1.538085937500000000e-01
-1.562500000000000000e-01
-1.513671875000000000e-01
-1.513671875000000000e-01
-1.538085937500000000e-01
-1.538085937500000000e-01
-1.538085937500000000e-01
-1.538085937500000000e-01
-1.513671875000000000e-01
-1.538085937500000000e-01
-1.538085937500000000e-01
-1.538085937500000000e-01
-1.513671875000000000e-01
-1.513671875000000000e-01
-1.513671875000000000e-01
-1.513671875000000000e-01
-1.513671875000000000e-01
-1.513671875000000000e-01
-1.513671875000000000e-01
-1.538085937500000000e-01
-1.538085937500000000e-01
-1.538085937500000000e-01
-1.513671875000000000e-01
-1.513671875000000000e-01
-1.513671875000000000e-01
-1.538085937500000000e-01
-1.538085937500000000e-01
-1.513671875000000000e-01
-1.513671875000000000e-01
-1.513671875000000000e-01
-1.538085937500000000e-01
-1.538085937500000000e-01
-1.538085937500000000e-01
-1.513671875000000000e-01
-1.513671875000000000e-01
-1.538085937500000000e-01
-1.538085937500000000e-01
-1.513671875000000000e-01
-1.513671875000000000e-01
-1.513671875000000000e-01
-1.538085937500000000e-01
-1.538085937500000000e-01
-1.538085937500000000e-01
-1.513671875000000000e-01
-1.538085937500000000e-01
-1.562500000000000000e-01
-1.538085937500000000e-01
-1.538085937500000000e-01
-1.489257812500000000e-01
-1.513671875000000000e-01
-1.538085937500000000e-01
-1.538085937500000000e-01
-1.538085937500000000e-01
-1.513671875000000000e-01
-1.513671875000000000e-01
-1.513671875000000000e-01
-1.513671875000000000e-01
-1.513671875000000000e-01
-1.538085937500000000e-01
-1.538085937500000000e-01
-1.489257812500000000e-01
-1.489257812500000000e-01
-1.489257812500000000e-01
-1.464843750000000000e-01
-1.489257812500000000e-01
-1.538085937500000000e-01
-1.538085937500000000e-01
-1.513671875000000000e-01
-1.489257812500000000e-01
-1.538085937500000000e-01
-1.513671875000000000e-01
-1.513671875000000000e-01
-1.489257812500000000e-01
-1.513671875000000000e-01
-1.513671875000000000e-01
-1.513671875000000000e-01
-1.513671875000000000e-01
-1.513671875000000000e-01
-1.489257812500000000e-01
-1.513671875000000000e-01
-1.513671875000000000e-01
-1.464843750000000000e-01
-1.489257812500000000e-01
-1.489257812500000000e-01
-1.513671875000000000e-01
-1.489257812500000000e-01
-1.489257812500000000e-01
-1.464843750000000000e-01
-1.489257812500000000e-01
-1.489257812500000000e-01
-1.489257812500000000e-01
-1.489257812500000000e-01
-1.464843750000000000e-01
-1.464843750000000000e-01
-1.464843750000000000e-01
-1.489257812500000000e-01
-1.489257812500000000e-01
-1.464843750000000000e-01
-1.464843750000000000e-01
-1.513671875000000000e-01
-1.513671875000000000e-01
-1.489257812500000000e-01
-1.464843750000000000e-01
-1.464843750000000000e-01
-1.440429687500000000e-01
-1.440429687500000000e-01
-1.464843750000000000e-01
-1.464843750000000000e-01
-1.489257812500000000e-01
-1.489257812500000000e-01
-1.489257812500000000e-01
-1.489257812500000000e-01
-1.464843750000000000e-01
-1.464843750000000000e-01
-1.464843750000000000e-01
-1.489257812500000000e-01
-1.464843750000000000e-01
-1.464843750000000000e-01
-1.464843750000000000e-01
-1.440429687500000000e-01
-1.440429687500000000e-01
-1.464843750000000000e-01
-1.464843750000000000e-01
-1.489257812500000000e-01
-1.440429687500000000e-01
-1.440429687500000000e-01
-1.440429687500000000e-01
-1.464843750000000000e-01
-1.464843750000000000e-01
-1.489257812500000000e-01
-1.464843750000000000e-01
-1.440429687500000000e-01
-1.464843750000000000e-01
-1.464843750000000000e-01
-1.464843750000000000e-01
-1.489257812500000000e-01
-1.489257812500000000e-01
-1.464843750000000000e-01
-1.440429687500000000e-01
-1.440429687500000000e-01
-1.464843750000000000e-01
-1.464843750000000000e-01
-1.464843750000000000e-01
-1.464843750000000000e-01
-1.440429687500000000e-01
-1.440429687500000000e-01
-1.464843750000000000e-01
-1.489257812500000000e-01
-1.440429687500000000e-01
-1.440429687500000000e-01
-1.416015625000000000e-01
-1.416015625000000000e-01
-1.440429687500000000e-01
-1.464843750000000000e-01
-1.464843750000000000e-01
-1.464843750000000000e-01
-1.440429687500000000e-01
-1.440429687500000000e-01
-1.440429687500000000e-01
-1.416015625000000000e-01
-1.464843750000000000e-01
-1.464843750000000000e-01
-1.489257812500000000e-01
-1.440429687500000000e-01
-1.464843750000000000e-01
-1.416015625000000000e-01
-1.440429687500000000e-01
-1.464843750000000000e-01
-1.440429687500000000e-01
-1.464843750000000000e-01
-1.440429687500000000e-01
-1.440429687500000000e-01
-1.416015625000000000e-01
-1.440429687500000000e-01
-1.440429687500000000e-01
-1.440429687500000000e-01
-1.440429687500000000e-01
-1.440429687500000000e-01
-1.464843750000000000e-01
-1.440429687500000000e-01
-1.440429687500000000e-01
-1.416015625000000000e-01
-1.440429687500000000e-01
-1.440429687500000000e-01
-1.440429687500000000e-01
-1.464843750000000000e-01
-1.464843750000000000e-01
-1.464843750000000000e-01
-1.440429687500000000e-01
-1.416015625000000000e-01
-1.416015625000000000e-01
-1.440429687500000000e-01
-1.440429687500000000e-01
-1.440429687500000000e-01
-1.416015625000000000e-01
-1.440429687500000000e-01
-1.440429687500000000e-01
-1.440429687500000000e-01
-1.464843750000000000e-01
-1.416015625000000000e-01
-1.416015625000000000e-01
-1.416015625000000000e-01
-1.440429687500000000e-01
-1.440429687500000000e-01
-1.416015625000000000e-01
-1.416015625000000000e-01
-1.440429687500000000e-01
-1.440429687500000000e-01
-1.391601562500000000e-01
-1.416015625000000000e-01
-1.440429687500000000e-01
-1.440429687500000000e-01
-1.440429687500000000e-01
-1.440429687500000000e-01
-1.440429687500000000e-01
-1.440429687500000000e-01
-1.416015625000000000e-01
-1.391601562500000000e-01
-1.416015625000000000e-01
-1.440429687500000000e-01
-1.440429687500000000e-01
-1.464843750000000000e-01
-1.464843750000000000e-01
-1.440429687500000000e-01
-1.440429687500000000e-01
-1.416015625000000000e-01
-1.416015625000000000e-01
-1.440429687500000000e-01
-1.440429687500000000e-01
-1.440429687500000000e-01
-1.416015625000000000e-01
-1.416015625000000000e-01
-1.416015625000000000e-01
-1.416015625000000000e-01
-1.440429687500000000e-01
-1.416015625000000000e-01
-1.416015625000000000e-01
-1.391601562500000000e-01
-1.416015625000000000e-01
-1.416015625000000000e-01
-1.440429687500000000e-01
-1.416015625000000000e-01
-1.464843750000000000e-01
-1.416015625000000000e-01
-1.391601562500000000e-01
-1.367187500000000000e-01
-1.391601562500000000e-01
-1.391601562500000000e-01
-1.416015625000000000e-01
-1.391601562500000000e-01
-1.391601562500000000e-01
-1.367187500000000000e-01
-1.342773437500000000e-01
-1.391601562500000000e-01
-1.391601562500000000e-01
-1.391601562500000000e-01
-1.391601562500000000e-01
-1.367187500000000000e-01
-1.367187500000000000e-01
-1.367187500000000000e-01
-1.391601562500000000e-01
-1.391601562500000000e-01
-1.391601562500000000e-01
-1.367187500000000000e-01
-1.367187500000000000e-01
-1.367187500000000000e-01
-1.416015625000000000e-01
-1.391601562500000000e-01
-1.367187500000000000e-01
-1.367187500000000000e-01
-1.367187500000000000e-01
-1.367187500000000000e-01
-1.391601562500000000e-01
-1.416015625000000000e-01
-1.416015625000000000e-01
-1.367187500000000000e-01
-1.367187500000000000e-01
-1.367187500000000000e-01
-1.367187500000000000e-01
-1.391601562500000000e-01
-1.391601562500000000e-01
-1.391601562500000000e-01
-1.367187500000000000e-01
-1.367187500000000000e-01
-1.391601562500000000e-01
-1.391601562500000000e-01
-1.391601562500000000e-01
-1.367187500000000000e-01
-1.391601562500000000e-01
-1.391601562500000000e-01
-1.391601562500000000e-01
-1.391601562500000000e-01
-1.367187500000000000e-01
-1.391601562500000000e-01
-1.367187500000000000e-01
-1.367187500000000000e-01
-1.367187500000000000e-01
-1.391601562500000000e-01
-1.391601562500000000e-01
-1.391601562500000000e-01
-1.367187500000000000e-01
-1.342773437500000000e-01
-1.342773437500000000e-01
-1.367187500000000000e-01
-1.367187500000000000e-01
-1.391601562500000000e-01
-1.367187500000000000e-01
-1.391601562500000000e-01
-1.391601562500000000e-01
-1.391601562500000000e-01
-1.391601562500000000e-01
-1.391601562500000000e-01
-1.367187500000000000e-01
-1.342773437500000000e-01
-1.367187500000000000e-01
-1.391601562500000000e-01
-1.391601562500000000e-01
-1.391601562500000000e-01
-1.367187500000000000e-01
-1.367187500000000000e-01
-1.367187500000000000e-01
-1.367187500000000000e-01
-1.367187500000000000e-01
-1.342773437500000000e-01
-1.342773437500000000e-01
-1.342773437500000000e-01
-1.342773437500000000e-01
-1.367187500000000000e-01
-1.367187500000000000e-01
-1.342773437500000000e-01
-1.342773437500000000e-01
-1.367187500000000000e-01
-1.391601562500000000e-01
-1.391601562500000000e-01
-1.367187500000000000e-01
-1.367187500000000000e-01
-1.367187500000000000e-01
-1.367187500000000000e-01
-1.367187500000000000e-01
-1.367187500000000000e-01
-1.342773437500000000e-01
-1.367187500000000000e-01
-1.367187500000000000e-01
-1.367187500000000000e-01
-1.367187500000000000e-01
-1.342773437500000000e-01
-1.391601562500000000e-01
-1.391601562500000000e-01
-1.391601562500000000e-01
-1.342773437500000000e-01
-1.342773437500000000e-01
-1.342773437500000000e-01
-1.367187500000000000e-01
-1.367187500000000000e-01
-1.367187500000000000e-01
-1.342773437500000000e-01
-1.367187500000000000e-01
-1.367187500000000000e-01
-1.342773437500000000e-01
-1.367187500000000000e-01
-1.391601562500000000e-01
-1.391601562500000000e-01
-1.391601562500000000e-01
-1.367187500000000000e-01
-1.367187500000000000e-01
-1.367187500000000000e-01
-1.391601562500000000e-01
-1.367187500000000000e-01
-1.391601562500000000e-01
-1.367187500000000000e-01
-1.342773437500000000e-01
-1.342773437500000000e-01
-1.342773437500000000e-01
-1.342773437500000000e-01
-1.367187500000000000e-01
-1.367187500000000000e-01
-1.367187500000000000e-01
-1.391601562500000000e-01
-1.367187500000000000e-01
-1.342773437500000000e-01
-1.342773437500000000e-01
-1.318359375000000000e-01
-1.342773437500000000e-01
-1.367187500000000000e-01
-1.342773437500000000e-01
-1.342773437500000000e-01
-1.342773437500000000e-01
-1.318359375000000000e-01
-1.318359375000000000e-01
-1.342773437500000000e-01
-1.342773437500000000e-01
-1.367187500000000000e-01
-1.367187500000000000e-01
-1.342773437500000000e-01
-1.342773437500000000e-01
-1.318359375000000000e-01
-1.367187500000000000e-01
-1.342773437500000000e-01
-1.342773437500000000e-01
-1.342773437500000000e-01
-1.367187500000000000e-01
-1.367187500000000000e-01
-1.367187500000000000e-01
-1.342773437500000000e-01
-1.318359375000000000e-01
-1.342773437500000000e-01
-1.342773437500000000e-01
-1.318359375000000000e-01
-1.318359375000000000e-01
-1.318359375000000000e-01
-1.342773437500000000e-01
-1.367187500000000000e-01
-1.367187500000000000e-01
-1.318359375000000000e-01
-1.342773437500000000e-01
-1.342773437500000000e-01
-1.342773437500000000e-01
-1.342773437500000000e-01
-1.318359375000000000e-01
-1.318359375000000000e-01
-1.318359375000000000e-01
-1.342773437500000000e-01
-1.342773437500000000e-01
-1.318359375000000000e-01
-1.342773437500000000e-01
-1.342773437500000000e-01
-1.318359375000000000e-01
-1.318359375000000000e-01
-1.318359375000000000e-01
-1.342773437500000000e-01
-1.342773437500000000e-01
-1.342773437500000000e-01
-1.342773437500000000e-01
-1.318359375000000000e-01
-1.342773437500000000e-01
-1.342773437500000000e-01
-1.367187500000000000e-01
-1.342773437500000000e-01
-1.342773437500000000e-01
-1.342773437500000000e-01
-1.342773437500000000e-01
-1.342773437500000000e-01
-1.367187500000000000e-01
-1.342773437500000000e-01
-1.318359375000000000e-01
-1.318359375000000000e-01
-1.318359375000000000e-01
-1.342773437500000000e-01
-1.342773437500000000e-01
-1.367187500000000000e-01
-1.367187500000000000e-01
-1.342773437500000000e-01
-1.318359375000000000e-01
-1.318359375000000000e-01
-1.318359375000000000e-01
-1.342773437500000000e-01
-1.342773437500000000e-01
-1.367187500000000000e-01
-1.318359375000000000e-01
-1.318359375000000000e-01
-1.318359375000000000e-01
-1.293945312500000000e-01
-1.318359375000000000e-01
-1.318359375000000000e-01
-1.318359375000000000e-01
-1.318359375000000000e-01
-1.342773437500000000e-01
-1.293945312500000000e-01
-1.269531250000000000e-01
-1.318359375000000000e-01
-1.318359375000000000e-01
-1.318359375000000000e-01
-1.342773437500000000e-01
-1.367187500000000000e-01
-1.318359375000000000e-01
-1.318359375000000000e-01
-1.318359375000000000e-01
-1.293945312500000000e-01
-1.293945312500000000e-01
-1.293945312500000000e-01
-1.293945312500000000e-01
-1.293945312500000000e-01
-1.293945312500000000e-01
-1.293945312500000000e-01
-1.293945312500000000e-01
-1.318359375000000000e-01
-1.318359375000000000e-01
-1.318359375000000000e-01
-1.318359375000000000e-01
-1.293945312500000000e-01
-1.293945312500000000e-01
-1.293945312500000000e-01
-1.318359375000000000e-01
-1.318359375000000000e-01
-1.293945312500000000e-01
-1.269531250000000000e-01
-1.318359375000000000e-01
-1.318359375000000000e-01
-1.318359375000000000e-01
-1.269531250000000000e-01
-1.269531250000000000e-01
-1.269531250000000000e-01
-1.293945312500000000e-01
-1.293945312500000000e-01
-1.293945312500000000e-01
-1.293945312500000000e-01
-1.269531250000000000e-01
-1.293945312500000000e-01
-1.293945312500000000e-01
-1.318359375000000000e-01
-1.318359375000000000e-01
-1.293945312500000000e-01
-1.269531250000000000e-01
-1.269531250000000000e-01
-1.269531250000000000e-01
-1.293945312500000000e-01
-1.293945312500000000e-01
-1.318359375000000000e-01
-1.293945312500000000e-01
-1.269531250000000000e-01
-1.269531250000000000e-01
-1.269531250000000000e-01
-1.269531250000000000e-01
-1.245117187500000000e-01
-1.269531250000000000e-01
-1.293945312500000000e-01
-1.293945312500000000e-01
-1.293945312500000000e-01
-1.293945312500000000e-01
-1.318359375000000000e-01
-1.293945312500000000e-01
-1.293945312500000000e-01
-1.269531250000000000e-01
-1.269531250000000000e-01
-1.245117187500000000e-01
-1.269531250000000000e-01
-1.269531250000000000e-01
-1.269531250000000000e-01
-1.293945312500000000e-01
-1.293945312500000000e-01
-1.269531250000000000e-01
-1.245117187500000000e-01
-1.269531250000000000e-01
-1.293945312500000000e-01
-1.269531250000000000e-01
-1.269531250000000000e-01
-1.269531250000000000e-01
-1.269531250000000000e-01
-1.245117187500000000e-01
-1.269531250000000000e-01
-1.293945312500000000e-01
-1.293945312500000000e-01
-1.318359375000000000e-01
-1.269531250000000000e-01
-1.269531250000000000e-01
-1.269531250000000000e-01
-1.293945312500000000e-01
-1.293945312500000000e-01
-1.293945312500000000e-01
-1.293945312500000000e-01
-1.293945312500000000e-01
-1.269531250000000000e-01
-1.269531250000000000e-01
-1.245117187500000000e-01
-1.269531250000000000e-01
-1.245117187500000000e-01
-1.293945312500000000e-01
-1.269531250000000000e-01
-1.269531250000000000e-01
-1.245117187500000000e-01
-1.269531250000000000e-01
-1.269531250000000000e-01
-1.269531250000000000e-01
-1.245117187500000000e-01
-1.269531250000000000e-01
-1.269531250000000000e-01
-1.293945312500000000e-01
-1.269531250000000000e-01
-1.269531250000000000e-01
-1.269531250000000000e-01
-1.269531250000000000e-01
-1.269531250000000000e-01
-1.245117187500000000e-01
-1.245117187500000000e-01
-1.269531250000000000e-01
-1.293945312500000000e-01
-1.269531250000000000e-01
-1.245117187500000000e-01
-1.269531250000000000e-01
-1.269531250000000000e-01
-1.269531250000000000e-01
-1.269531250000000000e-01
-1.245117187500000000e-01
-1.245117187500000000e-01
-1.245117187500000000e-01
-1.220703125000000000e-01
-1.245117187500000000e-01
-1.269531250000000000e-01
-1.293945312500000000e-01
-1.293945312500000000e-01
-1.293945312500000000e-01
-1.269531250000000000e-01
-1.245117187500000000e-01
-1.245117187500000000e-01
-1.245117187500000000e-01
-1.269531250000000000e-01
-1.269531250000000000e-01
-1.293945312500000000e-01
-1.269531250000000000e-01
-1.245117187500000000e-01
-1.245117187500000000e-01
-1.220703125000000000e-01
-1.220703125000000000e-01
-1.245117187500000000e-01
-1.269531250000000000e-01
-1.269531250000000000e-01
-1.245117187500000000e-01
-1.220703125000000000e-01
-1.220703125000000000e-01
-1.220703125000000000e-01
-1.245117187500000000e-01
-1.245117187500000000e-01
-1.245117187500000000e-01
-1.245117187500000000e-01
-1.269531250000000000e-01
-1.220703125000000000e-01
-1.220703125000000000e-01
-1.220703125000000000e-01
-1.245117187500000000e-01
-1.245117187500000000e-01
-1.269531250000000000e-01
-1.245117187500000000e-01
-1.220703125000000000e-01
-1.220703125000000000e-01
-1.245117187500000000e-01
-1.245117187500000000e-01
-1.220703125000000000e-01
-1.220703125000000000e-01
-1.245117187500000000e-01
-1.269531250000000000e-01
-1.245117187500000000e-01
-1.245117187500000000e-01
-1.220703125000000000e-01
-1.245117187500000000e-01
-1.245117187500000000e-01
-1.269531250000000000e-01
-1.269531250000000000e-01
-1.269531250000000000e-01
-1.245117187500000000e-01
-1.245117187500000000e-01
-1.245117187500000000e-01
-1.245117187500000000e-01
-1.269531250000000000e-01
-1.245117187500000000e-01
-1.245117187500000000e-01
-1.220703125000000000e-01
-1.220703125000000000e-01
-1.220703125000000000e-01
-1.220703125000000000e-01
-1.245117187500000000e-01
-1.245117187500000000e-01
-1.220703125000000000e-01
-1.220703125000000000e-01
-1.196289062500000000e-01
-1.220703125000000000e-01
-1.196289062500000000e-01
-1.220703125000000000e-01
-1.220703125000000000e-01
-1.220703125000000000e-01
-1.196289062500000000e-01
-1.196289062500000000e-01
-1.196289062500000000e-01
-1.220703125000000000e-01
-1.220703125000000000e-01
-1.220703125000000000e-01
-1.220703125000000000e-01
-1.196289062500000000e-01
-1.196289062500000000e-01
-1.171875000000000000e-01
-1.196289062500000000e-01
-1.196289062500000000e-01
-1.171875000000000000e-01
-1.196289062500000000e-01
-1.196289062500000000e-01
-1.171875000000000000e-01
-1.171875000000000000e-01
-1.171875000000000000e-01
-1.196289062500000000e-01
-1.196289062500000000e-01
-1.196289062500000000e-01
-1.196289062500000000e-01
-1.196289062500000000e-01
-1.171875000000000000e-01
-1.171875000000000000e-01
-1.196289062500000000e-01
-1.196289062500000000e-01
-1.220703125000000000e-01
-1.220703125000000000e-01
-1.196289062500000000e-01
-1.171875000000000000e-01
-1.171875000000000000e-01
-1.196289062500000000e-01
-1.196289062500000000e-01
-1.196289062500000000e-01
-1.171875000000000000e-01
-1.171875000000000000e-01
-1.171875000000000000e-01
-1.196289062500000000e-01
-1.196289062500000000e-01
-1.171875000000000000e-01
-1.196289062500000000e-01
-1.196289062500000000e-01
-1.196289062500000000e-01
-1.171875000000000000e-01
-1.171875000000000000e-01
-1.171875000000000000e-01
-1.196289062500000000e-01
-1.196289062500000000e-01
-1.171875000000000000e-01
-1.220703125000000000e-01
-1.220703125000000000e-01
-1.196289062500000000e-01
-1.171875000000000000e-01
-1.171875000000000000e-01
-1.171875000000000000e-01
-1.171875000000000000e-01
-1.171875000000000000e-01
-1.196289062500000000e-01
-1.196289062500000000e-01
-1.171875000000000000e-01
-1.171875000000000000e-01
-1.171875000000000000e-01
-1.171875000000000000e-01
-1.171875000000000000e-01
-1.171875000000000000e-01
-1.171875000000000000e-01
-1.196289062500000000e-01
-1.171875000000000000e-01
-1.147460937500000000e-01
-1.171875000000000000e-01
-1.171875000000000000e-01
-1.196289062500000000e-01
-1.196289062500000000e-01
-1.171875000000000000e-01
-1.171875000000000000e-01
-1.196289062500000000e-01
-1.196289062500000000e-01
-1.171875000000000000e-01
-1.171875000000000000e-01
-1.147460937500000000e-01
-1.171875000000000000e-01
-1.171875000000000000e-01
-1.171875000000000000e-01
-1.171875000000000000e-01
-1.147460937500000000e-01
-1.147460937500000000e-01
-1.171875000000000000e-01
-1.171875000000000000e-01
-1.171875000000000000e-01
-1.171875000000000000e-01
-1.171875000000000000e-01
-1.147460937500000000e-01
-1.147460937500000000e-01
-1.147460937500000000e-01
-1.171875000000000000e-01
-1.196289062500000000e-01
-1.171875000000000000e-01
-1.147460937500000000e-01
-1.147460937500000000e-01
-1.147460937500000000e-01
-1.171875000000000000e-01
-1.171875000000000000e-01
-1.196289062500000000e-01
-1.147460937500000000e-01
-1.147460937500000000e-01
-1.147460937500000000e-01
-1.123046875000000000e-01
-1.098632812500000000e-01
-1.098632812500000000e-01
-1.123046875000000000e-01
-1.147460937500000000e-01
-1.147460937500000000e-01
-1.123046875000000000e-01
-1.123046875000000000e-01
-1.123046875000000000e-01
-1.123046875000000000e-01
-1.147460937500000000e-01
-1.123046875000000000e-01
-1.147460937500000000e-01
-1.147460937500000000e-01
-1.147460937500000000e-01
-1.147460937500000000e-01
-1.147460937500000000e-01
-1.123046875000000000e-01
-1.098632812500000000e-01
-1.123046875000000000e-01
-1.098632812500000000e-01
-1.074218750000000000e-01
-1.098632812500000000e-01
-1.147460937500000000e-01
-1.147460937500000000e-01
-1.123046875000000000e-01
-1.098632812500000000e-01
-1.098632812500000000e-01
-1.098632812500000000e-01
-1.147460937500000000e-01
-1.123046875000000000e-01
-1.123046875000000000e-01
-1.098632812500000000e-01
-1.098632812500000000e-01
-1.098632812500000000e-01
-1.098632812500000000e-01
-1.123046875000000000e-01
-1.098632812500000000e-01
-1.123046875000000000e-01
-1.098632812500000000e-01
-1.098632812500000000e-01
-1.074218750000000000e-01
-1.098632812500000000e-01
-1.123046875000000000e-01
-1.098632812500000000e-01
-1.098632812500000000e-01
-1.074218750000000000e-01
-1.098632812500000000e-01
-1.098632812500000000e-01
-1.123046875000000000e-01
-1.098632812500000000e-01
-1.098632812500000000e-01
-1.098632812500000000e-01
-1.098632812500000000e-01
-1.074218750000000000e-01
-1.098632812500000000e-01
-1.098632812500000000e-01
-1.123046875000000000e-01
-1.123046875000000000e-01
-1.123046875000000000e-01
-1.098632812500000000e-01
-1.098632812500000000e-01
-1.074218750000000000e-01
-1.098632812500000000e-01
-1.098632812500000000e-01
-1.074218750000000000e-01
-1.074218750000000000e-01
-1.074218750000000000e-01
-1.098632812500000000e-01
-1.098632812500000000e-01
-1.098632812500000000e-01
-1.098632812500000000e-01
-1.098632812500000000e-01
-1.098632812500000000e-01
-1.074218750000000000e-01
-1.074218750000000000e-01
-1.098632812500000000e-01
-1.098632812500000000e-01
-1.098632812500000000e-01
-1.098632812500000000e-01
-1.074218750000000000e-01
-1.074218750000000000e-01
-1.098632812500000000e-01
-1.098632812500000000e-01
-1.098632812500000000e-01
-1.098632812500000000e-01
-1.098632812500000000e-01
-1.074218750000000000e-01
-1.049804687500000000e-01
-1.049804687500000000e-01
-1.049804687500000000e-01
-1.074218750000000000e-01
-1.074218750000000000e-01
-1.098632812500000000e-01
-1.098632812500000000e-01
-1.098632812500000000e-01
-1.074218750000000000e-01
-1.049804687500000000e-01
-1.074218750000000000e-01
-1.074218750000000000e-01
-1.098632812500000000e-01
-1.098632812500000000e-01
-1.098632812500000000e-01
-1.074218750000000000e-01
-1.074218750000000000e-01
-1.049804687500000000e-01
-1.049804687500000000e-01
-1.074218750000000000e-01
-1.074218750000000000e-01
-1.098632812500000000e-01
-1.049804687500000000e-01
-1.049804687500000000e-01
-1.049804687500000000e-01
-1.049804687500000000e-01
-1.049804687500000000e-01
-1.049804687500000000e-01
-1.098632812500000000e-01
-1.025390625000000000e-01
-1.025390625000000000e-01
-1.025390625000000000e-01
-1.049804687500000000e-01
-1.074218750000000000e-01
-1.049804687500000000e-01
-1.098632812500000000e-01
-1.074218750000000000e-01
-1.049804687500000000e-01
-1.049804687500000000e-01
-1.000976562500000000e-01
-1.049804687500000000e-01
-1.049804687500000000e-01
-1.049804687500000000e-01
-1.025390625000000000e-01
-1.025390625000000000e-01
-1.025390625000000000e-01
-1.000976562500000000e-01
-1.049804687500000000e-01
-1.049804687500000000e-01
-1.049804687500000000e-01
-1.049804687500000000e-01
-1.025390625000000000e-01
-1.049804687500000000e-01
-1.049804687500000000e-01
-1.049804687500000000e-01
-1.025390625000000000e-01
-1.049804687500000000e-01
-1.025390625000000000e-01
-1.000976562500000000e-01
-1.025390625000000000e-01
-1.025390625000000000e-01
-1.049804687500000000e-01
-1.025390625000000000e-01
-1.025390625000000000e-01
-1.025390625000000000e-01
-1.000976562500000000e-01
-1.000976562500000000e-01
-1.000976562500000000e-01
-1.025390625000000000e-01
-1.000976562500000000e-01
-1.000976562500000000e-01
-1.000976562500000000e-01
-1.025390625000000000e-01
-1.049804687500000000e-01
-1.025390625000000000e-01
-1.000976562500000000e-01
-1.000976562500000000e-01
-1.025390625000000000e-01
-1.025390625000000000e-01
-1.025390625000000000e-01
-9.765625000000000000e-02
-1.000976562500000000e-01
-1.025390625000000000e-01
-1.025390625000000000e-01
-9.765625000000000000e-02
-9.765625000000000000e-02
-1.000976562500000000e-01
-1.000976562500000000e-01
-1.000976562500000000e-01
-9.765625000000000000e-02
-1.000976562500000000e-01
-1.000976562500000000e-01
-1.000976562500000000e-01
-1.025390625000000000e-01
-1.025390625000000000e-01
-1.025390625000000000e-01
-1.000976562500000000e-01
-9.765625000000000000e-02
-9.765625000000000000e-02
-1.025390625000000000e-01
-1.000976562500000000e-01
-1.025390625000000000e-01
-1.000976562500000000e-01
-1.000976562500000000e-01
-9.765625000000000000e-02
-1.025390625000000000e-01
-1.000976562500000000e-01
-1.000976562500000000e-01
-9.765625000000000000e-02
-9.765625000000000000e-02
-9.765625000000000000e-02
-9.765625000000000000e-02
-1.000976562500000000e-01
-1.000976562500000000e-01
-9.765625000000000000e-02
-9.765625000000000000e-02
-1.000976562500000000e-01
-1.000976562500000000e-01
-1.000976562500000000e-01
-9.765625000000000000e-02
-9.765625000000000000e-02
-1.000976562500000000e-01
-1.025390625000000000e-01
-1.000976562500000000e-01
-1.000976562500000000e-01
-1.000976562500000000e-01
-9.765625000000000000e-02
-9.765625000000000000e-02
-9.521484375000000000e-02
-9.765625000000000000e-02
-9.765625000000000000e-02
-1.000976562500000000e-01
-1.025390625000000000e-01
-9.765625000000000000e-02
-9.765625000000000000e-02
-9.765625000000000000e-02
-9.765625000000000000e-02
-9.765625000000000000e-02
-9.765625000000000000e-02
-1.000976562500000000e-01
-1.000976562500000000e-01
-9.765625000000000000e-02
-1.000976562500000000e-01
-1.025390625000000000e-01
-1.000976562500000000e-01
-9.765625000000000000e-02
-9.765625000000000000e-02
-9.765625000000000000e-02
-9.277343750000000000e-02
-9.765625000000000000e-02
-1.000976562500000000e-01
-1.025390625000000000e-01
-1.000976562500000000e-01
-9.765625000000000000e-02
-9.765625000000000000e-02
-9.765625000000000000e-02
-9.765625000000000000e-02
-9.521484375000000000e-02
-9.521484375000000000e-02
-9.277343750000000000e-02
-9.521484375000000000e-02
-9.765625000000000000e-02
-9.521484375000000000e-02
-9.765625000000000000e-02
-9.765625000000000000e-02
-9.765625000000000000e-02
-9.521484375000000000e-02
-9.521484375000000000e-02
-9.521484375000000000e-02
-9.521484375000000000e-02
-9.765625000000000000e-02
-9.277343750000000000e-02
-9.277343750000000000e-02
-9.277343750000000000e-02
-9.521484375000000000e-02
-9.521484375000000000e-02
-9.765625000000000000e-02
-9.521484375000000000e-02
-9.277343750000000000e-02
-9.277343750000000000e-02
-9.033203125000000000e-02
-9.277343750000000000e-02
-9.277343750000000000e-02
-9.521484375000000000e-02
-9.521484375000000000e-02
-9.521484375000000000e-02
-9.277343750000000000e-02
-9.521484375000000000e-02
-9.521484375000000000e-02
-9.277343750000000000e-02
-9.521484375000000000e-02
-9.521484375000000000e-02
-9.277343750000000000e-02
-9.521484375000000000e-02
-9.521484375000000000e-02
-9.521484375000000000e-02
-9.277343750000000000e-02
-9.277343750000000000e-02
-9.033203125000000000e-02
-9.033203125000000000e-02
-9.277343750000000000e-02
-9.277343750000000000e-02
-9.277343750000000000e-02
-9.033203125000000000e-02
-9.033203125000000000e-02
-9.277343750000000000e-02
-9.277343750000000000e-02
-9.033203125000000000e-02
-9.521484375000000000e-02
-9.521484375000000000e-02
-9.521484375000000000e-02
-9.521484375000000000e-02
-9.277343750000000000e-02
-9.277343750000000000e-02
-9.033203125000000000e-02
-9.033203125000000000e-02
-9.033203125000000000e-02
-9.033203125000000000e-02
-9.277343750000000000e-02
-9.277343750000000000e-02
-9.521484375000000000e-02
-9.033203125000000000e-02
-9.033203125000000000e-02
-9.033203125000000000e-02
-8.789062500000000000e-02
-9.033203125000000000e-02
-9.033203125000000000e-02
-9.033203125000000000e-02
-9.033203125000000000e-02
-8.789062500000000000e-02
-9.033203125000000000e-02
-8.789062500000000000e-02
-9.033203125000000000e-02
-8.789062500000000000e-02
-9.277343750000000000e-02
-9.277343750000000000e-02
-9.033203125000000000e-02
-8.789062500000000000e-02
-8.789062500000000000e-02
-8.789062500000000000e-02
-9.033203125000000000e-02
-8.789062500000000000e-02
-8.789062500000000000e-02
-9.033203125000000000e-02
-8.789062500000000000e-02
-8.789062500000000000e-02
-8.544921875000000000e-02
-8.789062500000000000e-02
-8.789062500000000000e-02
-9.033203125000000000e-02
-9.033203125000000000e-02
-8.789062500000000000e-02
-9.033203125000000000e-02
-9.033203125000000000e-02
-9.033203125000000000e-02
-8.789062500000000000e-02
-8.789062500000000000e-02
-8.789062500000000000e-02
-8.789062500000000000e-02
-8.789062500000000000e-02
-8.789062500000000000e-02
-8.544921875000000000e-02
-8.544921875000000000e-02
-8.789062500000000000e-02
-8.789062500000000000e-02
-8.300781250000000000e-02
-8.544921875000000000e-02
-8.544921875000000000e-02
-8.789062500000000000e-02
-8.789062500000000000e-02
-8.789062500000000000e-02
-8.544921875000000000e-02
-8.789062500000000000e-02
-8.789062500000000000e-02
-8.789062500000000000e-02
-8.544921875000000000e-02
-8.544921875000000000e-02
-8.789062500000000000e-02
-8.789062500000000000e-02
-9.033203125000000000e-02
-8.789062500000000000e-02
-9.033203125000000000e-02
-8.789062500000000000e-02
-8.544921875000000000e-02
-8.544921875000000000e-02
-8.544921875000000000e-02
-8.300781250000000000e-02
-8.544921875000000000e-02
-8.789062500000000000e-02
-8.789062500000000000e-02
-8.300781250000000000e-02
-8.544921875000000000e-02
-8.300781250000000000e-02
-8.544921875000000000e-02
-8.789062500000000000e-02
-8.789062500000000000e-02
-8.789062500000000000e-02
-8.544921875000000000e-02
-8.544921875000000000e-02
-8.544921875000000000e-02
-8.544921875000000000e-02
-8.789062500000000000e-02
-8.789062500000000000e-02
-8.789062500000000000e-02
-8.544921875000000000e-02
-8.300781250000000000e-02
-8.544921875000000000e-02
-8.544921875000000000e-02
-8.300781250000000000e-02
-8.300781250000000000e-02
-8.300781250000000000e-02
-8.544921875000000000e-02
-8.544921875000000000e-02
-8.300781250000000000e-02
-8.300781250000000000e-02
-8.300781250000000000e-02
-8.300781250000000000e-02
-8.300781250000000000e-02
-8.300781250000000000e-02
-8.544921875000000000e-02
-8.544921875000000000e-02
-8.300781250000000000e-02
-8.300781250000000000e-02
-8.300781250000000000e-02
-8.300781250000000000e-02
-8.056640625000000000e-02
-8.056640625000000000e-02
-8.056640625000000000e-02
-8.300781250000000000e-02
-8.300781250000000000e-02
-8.300781250000000000e-02
-8.544921875000000000e-02
-8.544921875000000000e-02
-8.056640625000000000e-02
-8.056640625000000000e-02
-8.300781250000000000e-02
-8.300781250000000000e-02
-7.812500000000000000e-02
-8.056640625000000000e-02
-8.300781250000000000e-02
-8.300781250000000000e-02
-8.300781250000000000e-02
-8.056640625000000000e-02
-7.812500000000000000e-02
-8.056640625000000000e-02
-8.300781250000000000e-02
-8.544921875000000000e-02
-8.300781250000000000e-02
-8.056640625000000000e-02
-8.300781250000000000e-02
-8.056640625000000000e-02
-8.056640625000000000e-02
-8.300781250000000000e-02
-8.300781250000000000e-02
-8.056640625000000000e-02
-8.300781250000000000e-02
-8.300781250000000000e-02
-8.056640625000000000e-02
-8.056640625000000000e-02
-7.812500000000000000e-02
-7.812500000000000000e-02
-8.056640625000000000e-02
-8.056640625000000000e-02
-7.812500000000000000e-02
-8.300781250000000000e-02
-8.300781250000000000e-02
-8.300781250000000000e-02
-7.812500000000000000e-02
-7.812500000000000000e-02
-7.812500000000000000e-02
-8.056640625000000000e-02
-7.812500000000000000e-02
-7.812500000000000000e-02
-7.812500000000000000e-02
-8.056640625000000000e-02
-8.056640625000000000e-02
-8.300781250000000000e-02
-8.056640625000000000e-02
-7.812500000000000000e-02
-7.812500000000000000e-02
-7.568359375000000000e-02
-7.568359375000000000e-02
-7.812500000000000000e-02
-8.056640625000000000e-02
-8.056640625000000000e-02
-8.056640625000000000e-02
-7.812500000000000000e-02
-7.812500000000000000e-02
-7.812500000000000000e-02
-7.812500000000000000e-02
-8.056640625000000000e-02
-8.300781250000000000e-02
-8.056640625000000000e-02
-7.812500000000000000e-02
-7.812500000000000000e-02
-7.568359375000000000e-02
-7.568359375000000000e-02
-7.812500000000000000e-02
-7.812500000000000000e-02
-7.812500000000000000e-02
-7.812500000000000000e-02
-7.568359375000000000e-02
-7.568359375000000000e-02
-7.568359375000000000e-02
-7.812500000000000000e-02
-7.812500000000000000e-02
-7.812500000000000000e-02
-8.056640625000000000e-02
-8.056640625000000000e-02
-8.056640625000000000e-02
-7.812500000000000000e-02
-7.568359375000000000e-02
-7.568359375000000000e-02
-7.812500000000000000e-02
-7.812500000000000000e-02
-8.056640625000000000e-02
-7.812500000000000000e-02
-7.812500000000000000e-02
-7.812500000000000000e-02
-7.812500000000000000e-02
-7.812500000000000000e-02
-7.568359375000000000e-02
-7.812500000000000000e-02
-7.568359375000000000e-02
-7.324218750000000000e-02
-7.080078125000000000e-02
-7.324218750000000000e-02
-7.568359375000000000e-02
-7.568359375000000000e-02
-7.812500000000000000e-02
-7.324218750000000000e-02
-7.324218750000000000e-02
-7.324218750000000000e-02
-7.324218750000000000e-02
-7.568359375000000000e-02
-7.568359375000000000e-02
-7.812500000000000000e-02
-7.080078125000000000e-02
-7.324218750000000000e-02
-7.568359375000000000e-02
-7.568359375000000000e-02
-7.324218750000000000e-02
-7.324218750000000000e-02
-7.324218750000000000e-02
-7.324218750000000000e-02
-7.568359375000000000e-02
-7.324218750000000000e-02
-7.324218750000000000e-02
-7.324218750000000000e-02
-7.568359375000000000e-02
-7.324218750000000000e-02
-7.568359375000000000e-02
-7.568359375000000000e-02
-7.324218750000000000e-02
-7.080078125000000000e-02
-7.324218750000000000e-02
-7.568359375000000000e-02
-7.568359375000000000e-02
-7.812500000000000000e-02
-7.812500000000000000e-02
-7.324218750000000000e-02
-7.080078125000000000e-02
-7.324218750000000000e-02
-7.324218750000000000e-02
-7.324218750000000000e-02
-7.080078125000000000e-02
-7.080078125000000000e-02
-7.080078125000000000e-02
-7.324218750000000000e-02
-7.324218750000000000e-02
-7.080078125000000000e-02
-7.080078125000000000e-02
-7.080078125000000000e-02
-7.324218750000000000e-02
-7.324218750000000000e-02
-7.324218750000000000e-02
-7.324218750000000000e-02
-7.324218750000000000e-02
-7.080078125000000000e-02
-6.835937500000000000e-02
-7.080078125000000000e-02
-7.080078125000000000e-02
-7.324218750000000000e-02
-7.324218750000000000e-02
-7.080078125000000000e-02
-7.080078125000000000e-02
-6.835937500000000000e-02
-6.835937500000000000e-02
-7.080078125000000000e-02
-7.324218750000000000e-02
-7.324218750000000000e-02
-7.324218750000000000e-02
-7.080078125000000000e-02
-6.835937500000000000e-02
-6.591796875000000000e-02
-6.591796875000000000e-02
-7.080078125000000000e-02
-7.080078125000000000e-02
-7.080078125000000000e-02
-7.324218750000000000e-02
-7.080078125000000000e-02
-7.080078125000000000e-02
-6.835937500000000000e-02
-6.835937500000000000e-02
-7.324218750000000000e-02
-7.080078125000000000e-02
-7.080078125000000000e-02
-6.347656250000000000e-02
-6.591796875000000000e-02
-6.591796875000000000e-02
-6.835937500000000000e-02
-6.835937500000000000e-02
-6.591796875000000000e-02
-6.591796875000000000e-02
-6.347656250000000000e-02
-6.347656250000000000e-02
-6.835937500000000000e-02
-6.591796875000000000e-02
-6.835937500000000000e-02
-6.591796875000000000e-02
-6.347656250000000000e-02
-6.591796875000000000e-02
-6.347656250000000000e-02
-6.591796875000000000e-02
-6.591796875000000000e-02
-6.835937500000000000e-02
-6.591796875000000000e-02
-6.591796875000000000e-02
-6.347656250000000000e-02
-6.591796875000000000e-02
-6.591796875000000000e-02
-6.835937500000000000e-02
-6.591796875000000000e-02
-6.347656250000000000e-02
-6.347656250000000000e-02
-6.347656250000000000e-02
-6.347656250000000000e-02
-6.347656250000000000e-02
-6.591796875000000000e-02
-6.591796875000000000e-02
-6.591796875000000000e-02
-6.835937500000000000e-02
-6.835937500000000000e-02
-6.591796875000000000e-02
-6.591796875000000000e-02
-6.347656250000000000e-02
-6.347656250000000000e-02
-6.835937500000000000e-02
-6.591796875000000000e-02
-6.347656250000000000e-02
-6.347656250000000000e-02
-6.347656250000000000e-02
-6.591796875000000000e-02
-6.591796875000000000e-02
-6.347656250000000000e-02
-6.347656250000000000e-02
-6.347656250000000000e-02
-6.103515625000000000e-02
-6.103515625000000000e-02
-6.347656250000000000e-02
-6.347656250000000000e-02
-6.591796875000000000e-02
-6.347656250000000000e-02
-6.591796875000000000e-02
-6.835937500000000000e-02
-6.347656250000000000e-02
-6.103515625000000000e-02
-6.347656250000000000e-02
-6.591796875000000000e-02
-6.347656250000000000e-02
-6.347656250000000000e-02
-6.347656250000000000e-02
-6.347656250000000000e-02
-6.347656250000000000e-02
-6.347656250000000000e-02
-6.347656250000000000e-02
-6.347656250000000000e-02
-6.103515625000000000e-02
-6.103515625000000000e-02
-6.347656250000000000e-02
-6.347656250000000000e-02
-6.103515625000000000e-02
-6.103515625000000000e-02
-6.103515625000000000e-02
-6.347656250000000000e-02
-6.591796875000000000e-02
-6.347656250000000000e-02
-6.347656250000000000e-02
-6.591796875000000000e-02
-6.591796875000000000e-02
-6.103515625000000000e-02
-6.103515625000000000e-02
-6.103515625000000000e-02
-6.103515625000000000e-02
-6.347656250000000000e-02
-6.347656250000000000e-02
-6.347656250000000000e-02
-6.347656250000000000e-02
-6.103515625000000000e-02
-6.103515625000000000e-02
-6.103515625000000000e-02
-6.347656250000000000e-02
-6.103515625000000000e-02
-5.859375000000000000e-02
-5.859375000000000000e-02
-5.859375000000000000e-02
-6.103515625000000000e-02
-5.859375000000000000e-02
-6.103515625000000000e-02
-6.103515625000000000e-02
-5.859375000000000000e-02
-5.615234375000000000e-02
-5.615234375000000000e-02
-5.859375000000000000e-02
-5.859375000000000000e-02
-5.859375000000000000e-02
-5.859375000000000000e-02
-5.859375000000000000e-02
-5.859375000000000000e-02
-5.615234375000000000e-02
-5.615234375000000000e-02
-5.859375000000000000e-02
-6.103515625000000000e-02
-5.859375000000000000e-02
-5.615234375000000000e-02
-5.615234375000000000e-02
-5.615234375000000000e-02
-5.859375000000000000e-02
-5.859375000000000000e-02
-6.103515625000000000e-02
-5.859375000000000000e-02
-5.859375000000000000e-02
-5.615234375000000000e-02
-5.615234375000000000e-02
-5.859375000000000000e-02
-6.103515625000000000e-02
-5.859375000000000000e-02
-5.859375000000000000e-02
-5.859375000000000000e-02
-5.615234375000000000e-02
-5.615234375000000000e-02
-5.615234375000000000e-02
-5.859375000000000000e-02
-5.859375000000000000e-02
-5.859375000000000000e-02
-5.615234375000000000e-02
-5.371093750000000000e-02
-5.615234375000000000e-02
-5.615234375000000000e-02
-5.615234375000000000e-02
-5.859375000000000000e-02
-5.859375000000000000e-02
-5.859375000000000000e-02
-5.859375000000000000e-02
-5.371093750000000000e-02
-5.615234375000000000e-02
-5.371093750000000000e-02
-5.859375000000000000e-02
-5.859375000000000000e-02
-5.859375000000000000e-02
-5.859375000000000000e-02
-5.859375000000000000e-02
-5.615234375000000000e-02
-5.615234375000000000e-02
-5.615234375000000000e-02
-5.371093750000000000e-02
-5.615234375000000000e-02
-5.615234375000000000e-02
-5.615234375000000000e-02
-5.615234375000000000e-02
-5.615234375000000000e-02
-5.615234375000000000e-02
-5.615234375000000000e-02
-5.615234375000000000e-02
-5.371093750000000000e-02
-5.371093750000000000e-02
-5.615234375000000000e-02
-5.615234375000000000e-02
-5.615234375000000000e-02
-5.371093750000000000e-02
-5.615234375000000000e-02
-5.371093750000000000e-02
-5.371093750000000000e-02
-5.371093750000000000e-02
-5.371093750000000000e-02
-5.615234375000000000e-02
-5.615234375000000000e-02
-5.371093750000000000e-02
-5.371093750000000000e-02
-5.371093750000000000e-02
-5.371093750000000000e-02
-5.371093750000000000e-02
-5.371093750000000000e-02
-5.371093750000000000e-02
-5.615234375000000000e-02
-5.615234375000000000e-02
-5.615234375000000000e-02
-5.615234375000000000e-02
-5.371093750000000000e-02
-5.371093750000000000e-02
-5.126953125000000000e-02
-5.371093750000000000e-02
-5.371093750000000000e-02
-5.371093750000000000e-02
-5.615234375000000000e-02
-5.371093750000000000e-02
-5.371093750000000000e-02
-5.371093750000000000e-02
-5.371093750000000000e-02
-5.615234375000000000e-02
-5.615234375000000000e-02
-5.371093750000000000e-02
-5.371093750000000000e-02
-5.371093750000000000e-02
-5.126953125000000000e-02
-5.126953125000000000e-02
-5.371093750000000000e-02
-5.371093750000000000e-02
-5.371093750000000000e-02
-5.615234375000000000e-02
-5.615234375000000000e-02
-5.371093750000000000e-02
-5.126953125000000000e-02
-5.371093750000000000e-02
-5.371093750000000000e-02
-5.371093750000000000e-02
-5.371093750000000000e-02
-5.371093750000000000e-02
-5.371093750000000000e-02
-5.126953125000000000e-02
-5.126953125000000000e-02
-5.371093750000000000e-02
-5.371093750000000000e-02
-5.126953125000000000e-02
-5.371093750000000000e-02
-5.371093750000000000e-02
-5.126953125000000000e-02
-5.126953125000000000e-02
-4.882812500000000000e-02
-5.126953125000000000e-02
-5.371093750000000000e-02
-5.371093750000000000e-02
-5.371093750000000000e-02
-5.371093750000000000e-02
-5.126953125000000000e-02
-5.126953125000000000e-02
-5.126953125000000000e-02
-5.371093750000000000e-02
-5.126953125000000000e-02
-5.126953125000000000e-02
-5.371093750000000000e-02
-5.371093750000000000e-02
-5.126953125000000000e-02
-5.126953125000000000e-02
-4.882812500000000000e-02
-5.126953125000000000e-02
-5.126953125000000000e-02
-4.882812500000000000e-02
-4.638671875000000000e-02
-4.638671875000000000e-02
-4.882812500000000000e-02
-5.126953125000000000e-02
-5.126953125000000000e-02
-5.126953125000000000e-02
-4.882812500000000000e-02
-4.638671875000000000e-02
-4.638671875000000000e-02
-4.638671875000000000e-02
-4.882812500000000000e-02
-5.126953125000000000e-02
-5.126953125000000000e-02
-4.882812500000000000e-02
-4.638671875000000000e-02
-4.882812500000000000e-02
-4.638671875000000000e-02
-4.882812500000000000e-02
-4.638671875000000000e-02
-4.638671875000000000e-02
-4.638671875000000000e-02
-4.882812500000000000e-02
-4.882812500000000000e-02
-4.882812500000000000e-02
-4.882812500000000000e-02
-4.882812500000000000e-02
-4.638671875000000000e-02
-5.126953125000000000e-02
-5.126953125000000000e-02
-5.126953125000000000e-02
-5.371093750000000000e-02
-5.126953125000000000e-02
-4.882812500000000000e-02
-4.882812500000000000e-02
-4.882812500000000000e-02
-4.882812500000000000e-02
-5.126953125000000000e-02
-4.882812500000000000e-02
-4.882812500000000000e-02
-4.638671875000000000e-02
-4.638671875000000000e-02
-4.882812500000000000e-02
-4.882812500000000000e-02
-5.126953125000000000e-02
-4.882812500000000000e-02
-4.638671875000000000e-02
-4.638671875000000000e-02
-4.394531250000000000e-02
-4.638671875000000000e-02
-4.638671875000000000e-02
-4.882812500000000000e-02
-4.882812500000000000e-02
-5.126953125000000000e-02
-4.882812500000000000e-02
-4.638671875000000000e-02
-4.638671875000000000e-02
-4.882812500000000000e-02
-4.882812500000000000e-02
-4.882812500000000000e-02
-5.126953125000000000e-02
-4.638671875000000000e-02
-4.638671875000000000e-02
-4.638671875000000000e-02
-4.638671875000000000e-02
-4.638671875000000000e-02
-5.126953125000000000e-02
-4.882812500000000000e-02
-4.638671875000000000e-02
-4.638671875000000000e-02
-4.394531250000000000e-02
-4.638671875000000000e-02
-4.882812500000000000e-02
-4.882812500000000000e-02
-4.882812500000000000e-02
-4.882812500000000000e-02
-4.638671875000000000e-02
-4.394531250000000000e-02
-4.394531250000000000e-02
-4.394531250000000000e-02
-4.638671875000000000e-02
-4.882812500000000000e-02
-4.882812500000000000e-02
-4.882812500000000000e-02
-4.882812500000000000e-02
-4.638671875000000000e-02
-4.882812500000000000e-02
-4.882812500000000000e-02
-4.882812500000000000e-02
-4.638671875000000000e-02
-4.638671875000000000e-02
-4.638671875000000000e-02
-4.638671875000000000e-02
-4.394531250000000000e-02
-4.638671875000000000e-02
-4.638671875000000000e-02
-4.638671875000000000e-02
-4.882812500000000000e-02
-4.882812500000000000e-02
-4.882812500000000000e-02
-4.638671875000000000e-02
-4.638671875000000000e-02
-4.394531250000000000e-02
-4.638671875000000000e-02
-4.638671875000000000e-02
-4.882812500000000000e-02
-4.882812500000000000e-02
-4.882812500000000000e-02
-4.882812500000000000e-02
-4.638671875000000000e-02
-4.394531250000000000e-02
-4.394531250000000000e-02
-4.394531250000000000e-02
-4.394531250000000000e-02
-4.394531250000000000e-02
-4.394531250000000000e-02
-4.638671875000000000e-02
-4.638671875000000000e-02
-4.638671875000000000e-02
-4.394531250000000000e-02
-4.394531250000000000e-02
-4.394531250000000000e-02
-4.394531250000000000e-02
-4.638671875000000000e-02
-4.638671875000000000e-02
-4.394531250000000000e-02
-4.394531250000000000e-02
-4.638671875000000000e-02
-4.638671875000000000e-02
-4.394531250000000000e-02
-4.394531250000000000e-02
-4.394531250000000000e-02
-4.638671875000000000e-02
-4.394531250000000000e-02
-4.150390625000000000e-02
-4.150390625000000000e-02
-4.394531250000000000e-02
-4.394531250000000000e-02
-4.150390625000000000e-02
-3.906250000000000000e-02
-4.150390625000000000e-02
-4.394531250000000000e-02
-4.638671875000000000e-02
-4.394531250000000000e-02
-4.394531250000000000e-02
-4.150390625000000000e-02
-4.150390625000000000e-02
-4.150390625000000000e-02
-3.662109375000000000e-02
-4.150390625000000000e-02
-4.394531250000000000e-02
-4.638671875000000000e-02
-4.638671875000000000e-02
-4.638671875000000000e-02
-4.394531250000000000e-02
-4.150390625000000000e-02
-4.150390625000000000e-02
-4.150390625000000000e-02
-4.394531250000000000e-02
-4.394531250000000000e-02
-4.394531250000000000e-02
-4.150390625000000000e-02
-4.150390625000000000e-02
-3.906250000000000000e-02
-4.394531250000000000e-02
-4.394531250000000000e-02
-4.638671875000000000e-02
-4.150390625000000000e-02
-4.394531250000000000e-02
-4.394531250000000000e-02
-4.394531250000000000e-02
-4.394531250000000000e-02
-4.394531250000000000e-02
-4.394531250000000000e-02
-4.150390625000000000e-02
-4.150390625000000000e-02
-4.150390625000000000e-02
-4.394531250000000000e-02
-4.394531250000000000e-02
-4.394531250000000000e-02
-4.394531250000000000e-02
-4.150390625000000000e-02
-3.906250000000000000e-02
-3.662109375000000000e-02
-3.906250000000000000e-02
-4.150390625000000000e-02
-4.150390625000000000e-02
-4.394531250000000000e-02
-4.150390625000000000e-02
-3.906250000000000000e-02
-3.906250000000000000e-02
-3.662109375000000000e-02
-3.662109375000000000e-02
-3.906250000000000000e-02
-3.906250000000000000e-02
-4.150390625000000000e-02
-4.150390625000000000e-02
-3.906250000000000000e-02
-3.906250000000000000e-02
-3.662109375000000000e-02
-3.906250000000000000e-02
-3.906250000000000000e-02
-3.906250000000000000e-02
-3.906250000000000000e-02
-3.906250000000000000e-02
-3.662109375000000000e-02
-3.906250000000000000e-02
-3.906250000000000000e-02
-3.906250000000000000e-02
-3.906250000000000000e-02
-4.150390625000000000e-02
-4.150390625000000000e-02
-3.662109375000000000e-02
-3.662109375000000000e-02
-3.906250000000000000e-02
-3.906250000000000000e-02
-3.906250000000000000e-02
-3.906250000000000000e-02
-4.150390625000000000e-02
-4.150390625000000000e-02
-3.906250000000000000e-02
-3.662109375000000000e-02
-3.417968750000000000e-02
-3.662109375000000000e-02
-3.906250000000000000e-02
-3.662109375000000000e-02
-3.662109375000000000e-02
-3.662109375000000000e-02
-3.662109375000000000e-02
-3.906250000000000000e-02
-3.906250000000000000e-02
-3.906250000000000000e-02
-3.662109375000000000e-02
-3.662109375000000000e-02
-3.662109375000000000e-02
-3.906250000000000000e-02
-3.906250000000000000e-02
-3.906250000000000000e-02
-3.662109375000000000e-02
-3.417968750000000000e-02
-3.417968750000000000e-02
-3.662109375000000000e-02
-3.662109375000000000e-02
-3.906250000000000000e-02
-3.906250000000000000e-02
-3.662109375000000000e-02
-3.662109375000000000e-02
-3.417968750000000000e-02
-3.662109375000000000e-02
-3.662109375000000000e-02
-3.417968750000000000e-02
-3.662109375000000000e-02
-3.906250000000000000e-02
-3.906250000000000000e-02
-3.906250000000000000e-02
-3.662109375000000000e-02
-3.417968750000000000e-02
-3.417968750000000000e-02
-3.662109375000000000e-02
-3.662109375000000000e-02
-3.906250000000000000e-02
-3.906250000000000000e-02
-3.662109375000000000e-02
-3.662109375000000000e-02
-3.417968750000000000e-02
-3.662109375000000000e-02
-3.662109375000000000e-02
-3.906250000000000000e-02
-3.417968750000000000e-02
-3.662109375000000000e-02
-3.417968750000000000e-02
-3.662109375000000000e-02
-3.662109375000000000e-02
-3.417968750000000000e-02
-3.417968750000000000e-02
-3.417968750000000000e-02
-3.662109375000000000e-02
-3.906250000000000000e-02
-3.662109375000000000e-02
-3.662109375000000000e-02
-3.417968750000000000e-02
-3.173828125000000000e-02
-3.417968750000000000e-02
-3.173828125000000000e-02
-3.173828125000000000e-02
-3.173828125000000000e-02
-3.173828125000000000e-02
-3.417968750000000000e-02
-3.417968750000000000e-02
-3.173828125000000000e-02
-3.173828125000000000e-02
-3.173828125000000000e-02
-2.929687500000000000e-02
-2.929687500000000000e-02
-3.173828125000000000e-02
-3.417968750000000000e-02
-3.417968750000000000e-02
-3.417968750000000000e-02
-3.417968750000000000e-02
-3.173828125000000000e-02
-3.173828125000000000e-02
-3.173828125000000000e-02
-3.417968750000000000e-02
-3.417968750000000000e-02
-3.417968750000000000e-02
-3.417968750000000000e-02
-3.417968750000000000e-02
-3.417968750000000000e-02
-3.417968750000000000e-02
-3.173828125000000000e-02
-3.173828125000000000e-02
-3.173828125000000000e-02
-3.173828125000000000e-02
-3.173828125000000000e-02
-2.929687500000000000e-02
-3.173828125000000000e-02
-2.929687500000000000e-02
-2.929687500000000000e-02
-3.173828125000000000e-02
-3.417968750000000000e-02
-3.417968750000000000e-02
-3.662109375000000000e-02
-3.417968750000000000e-02
-3.173828125000000000e-02
-2.929687500000000000e-02
-3.173828125000000000e-02
-3.173828125000000000e-02
-3.173828125000000000e-02
-2.929687500000000000e-02
-3.173828125000000000e-02
-3.417968750000000000e-02
-3.173828125000000000e-02
-3.173828125000000000e-02
-2.929687500000000000e-02
-2.929687500000000000e-02
-3.173828125000000000e-02
-3.417968750000000000e-02
-2.929687500000000000e-02
-3.173828125000000000e-02
-2.929687500000000000e-02
-2.929687500000000000e-02
-3.173828125000000000e-02
-3.173828125000000000e-02
-3.417968750000000000e-02
-3.173828125000000000e-02
-3.173828125000000000e-02
-2.929687500000000000e-02
-2.929687500000000000e-02
-3.173828125000000000e-02
-3.173828125000000000e-02
-3.173828125000000000e-02
-2.929687500000000000e-02
-2.929687500000000000e-02
-2.685546875000000000e-02
-3.173828125000000000e-02
-3.417968750000000000e-02
-3.173828125000000000e-02
-2.929687500000000000e-02
-2.929687500000000000e-02
-2.929687500000000000e-02
-2.929687500000000000e-02
-2.929687500000000000e-02
-3.173828125000000000e-02
-3.173828125000000000e-02
-3.173828125000000000e-02
-3.173828125000000000e-02
-2.929687500000000000e-02
-2.929687500000000000e-02
-3.173828125000000000e-02
-3.173828125000000000e-02
-3.173828125000000000e-02
-3.173828125000000000e-02
-2.929687500000000000e-02
-2.929687500000000000e-02
-2.929687500000000000e-02
-2.929687500000000000e-02
-2.929687500000000000e-02
-3.173828125000000000e-02
-2.929687500000000000e-02
-2.685546875000000000e-02
-2.929687500000000000e-02
-3.173828125000000000e-02
-2.929687500000000000e-02
-2.929687500000000000e-02
-2.685546875000000000e-02
-2.685546875000000000e-02
-2.929687500000000000e-02
-3.173828125000000000e-02
-3.173828125000000000e-02
-2.929687500000000000e-02
-2.929687500000000000e-02
-2.685546875000000000e-02
-2.929687500000000000e-02
-3.173828125000000000e-02
-2.929687500000000000e-02
-2.685546875000000000e-02
-2.929687500000000000e-02
-2.929687500000000000e-02
-2.929687500000000000e-02
-3.173828125000000000e-02
-2.929687500000000000e-02
-3.173828125000000000e-02
-3.173828125000000000e-02
-2.929687500000000000e-02
-2.685546875000000000e-02
-2.685546875000000000e-02
-2.929687500000000000e-02
-2.929687500000000000e-02
-2.929687500000000000e-02
-3.173828125000000000e-02
-3.173828125000000000e-02
-2.929687500000000000e-02
-2.685546875000000000e-02
-2.929687500000000000e-02
-2.929687500000000000e-02
-3.173828125000000000e-02
-3.173828125000000000e-02
-3.173828125000000000e-02
-2.929687500000000000e-02
-2.929687500000000000e-02
-2.929687500000000000e-02
-2.929687500000000000e-02
-3.173828125000000000e-02
-2.929687500000000000e-02
-2.929687500000000000e-02
-2.929687500000000000e-02
-2.685546875000000000e-02
-2.441406250000000000e-02
-2.685546875000000000e-02
-2.441406250000000000e-02
-2.441406250000000000e-02
-2.929687500000000000e-02
-2.685546875000000000e-02
-2.929687500000000000e-02
-2.929687500000000000e-02
-2.929687500000000000e-02
-2.685546875000000000e-02
-2.685546875000000000e-02
-2.929687500000000000e-02
-3.662109375000000000e-02
-3.417968750000000000e-02
-3.417968750000000000e-02
-3.417968750000000000e-02
-3.417968750000000000e-02
-3.173828125000000000e-02
-2.929687500000000000e-02
-3.173828125000000000e-02
-3.173828125000000000e-02
-3.173828125000000000e-02
-2.929687500000000000e-02
-2.929687500000000000e-02
-2.929687500000000000e-02
-3.173828125000000000e-02
-3.173828125000000000e-02
-3.173828125000000000e-02
-3.173828125000000000e-02
-2.929687500000000000e-02
-2.929687500000000000e-02
-2.929687500000000000e-02
-2.929687500000000000e-02
-2.929687500000000000e-02
-2.929687500000000000e-02
-2.929687500000000000e-02
-2.929687500000000000e-02
-2.685546875000000000e-02
-2.929687500000000000e-02
-2.929687500000000000e-02
-2.929687500000000000e-02
-2.929687500000000000e-02
-2.929687500000000000e-02
-2.929687500000000000e-02
-2.929687500000000000e-02
-2.929687500000000000e-02
-2.685546875000000000e-02
-2.685546875000000000e-02
-2.685546875000000000e-02
-2.929687500000000000e-02
-2.929687500000000000e-02
-3.173828125000000000e-02
-2.929687500000000000e-02
-2.929687500000000000e-02
-2.685546875000000000e-02
-2.929687500000000000e-02
-2.929687500000000000e-02
-2.929687500000000000e-02
-2.929687500000000000e-02
-2.929687500000000000e-02
-2.929687500000000000e-02
-2.685546875000000000e-02
-2.685546875000000000e-02
-2.929687500000000000e-02
-2.929687500000000000e-02
-2.929687500000000000e-02
-2.685546875000000000e-02
-2.929687500000000000e-02
-2.685546875000000000e-02
-2.685546875000000000e-02
-2.929687500000000000e-02
-2.685546875000000000e-02
-2.929687500000000000e-02
-2.685546875000000000e-02
-2.685546875000000000e-02
-2.441406250000000000e-02
-2.685546875000000000e-02
-2.929687500000000000e-02
-2.929687500000000000e-02
-3.173828125000000000e-02
-3.173828125000000000e-02
-2.929687500000000000e-02
-2.685546875000000000e-02
-2.685546875000000000e-02
-2.441406250000000000e-02
-2.685546875000000000e-02
-2.685546875000000000e-02
-3.173828125000000000e-02
-2.929687500000000000e-02
-3.173828125000000000e-02
-2.685546875000000000e-02
-2.685546875000000000e-02
-2.441406250000000000e-02
-2.685546875000000000e-02
-2.929687500000000000e-02
-2.685546875000000000e-02
-2.685546875000000000e-02
-3.173828125000000000e-02
-2.929687500000000000e-02
-3.173828125000000000e-02
-2.929687500000000000e-02
-2.929687500000000000e-02
-2.685546875000000000e-02
-2.685546875000000000e-02
-2.929687500000000000e-02
-2.929687500000000000e-02
-2.929687500000000000e-02
-2.685546875000000000e-02
-2.929687500000000000e-02
-2.929687500000000000e-02
-2.929687500000000000e-02
-2.685546875000000000e-02
-2.685546875000000000e-02
-2.685546875000000000e-02
-2.685546875000000000e-02
-2.929687500000000000e-02
-2.929687500000000000e-02
-2.929687500000000000e-02
-2.685546875000000000e-02
-2.929687500000000000e-02
-2.929687500000000000e-02
-2.929687500000000000e-02
-2.929687500000000000e-02
-2.929687500000000000e-02
-2.441406250000000000e-02
-2.685546875000000000e-02
-2.929687500000000000e-02
-2.929687500000000000e-02
-3.173828125000000000e-02
-2.929687500000000000e-02
-2.685546875000000000e-02
-2.685546875000000000e-02
-2.929687500000000000e-02
-3.173828125000000000e-02
-2.685546875000000000e-02
-2.685546875000000000e-02
-2.685546875000000000e-02
-2.929687500000000000e-02
-2.929687500000000000e-02
-2.929687500000000000e-02
-2.685546875000000000e-02
-2.929687500000000000e-02
-2.929687500000000000e-02
-2.685546875000000000e-02
-2.685546875000000000e-02
-2.441406250000000000e-02
-2.685546875000000000e-02
-2.685546875000000000e-02
-2.929687500000000000e-02
-2.929687500000000000e-02
-2.685546875000000000e-02
-2.929687500000000000e-02
-2.929687500000000000e-02
-2.929687500000000000e-02
-2.929687500000000000e-02
-2.685546875000000000e-02
-2.685546875000000000e-02
-2.685546875000000000e-02
-2.929687500000000000e-02
-2.685546875000000000e-02
-2.929687500000000000e-02
-2.929687500000000000e-02
-2.929687500000000000e-02
-2.685546875000000000e-02
-2.685546875000000000e-02
-2.929687500000000000e-02
-3.173828125000000000e-02
-3.173828125000000000e-02
-2.929687500000000000e-02
-2.929687500000000000e-02
-2.685546875000000000e-02
-2.685546875000000000e-02
-2.685546875000000000e-02
-2.685546875000000000e-02
-2.929687500000000000e-02
-2.929687500000000000e-02
-2.929687500000000000e-02
-2.929687500000000000e-02
-2.685546875000000000e-02
-2.685546875000000000e-02
-2.685546875000000000e-02
-2.929687500000000000e-02
-2.685546875000000000e-02
-2.441406250000000000e-02
-2.441406250000000000e-02
-2.685546875000000000e-02
-2.685546875000000000e-02
-2.929687500000000000e-02
-2.929687500000000000e-02
-2.685546875000000000e-02
-2.685546875000000000e-02
-2.685546875000000000e-02
-2.685546875000000000e-02
-2.685546875000000000e-02
-2.929687500000000000e-02
-2.929687500000000000e-02
-2.685546875000000000e-02
-2.685546875000000000e-02
-2.441406250000000000e-02
-2.441406250000000000e-02
-2.441406250000000000e-02
-2.441406250000000000e-02
-2.441406250000000000e-02
-2.197265625000000000e-02
-2.197265625000000000e-02
-2.441406250000000000e-02
-2.441406250000000000e-02
-2.441406250000000000e-02
-2.685546875000000000e-02
-2.685546875000000000e-02
-2.441406250000000000e-02
-2.197265625000000000e-02
-2.441406250000000000e-02
-2.197265625000000000e-02
-2.441406250000000000e-02
-2.441406250000000000e-02
-2.441406250000000000e-02
-2.441406250000000000e-02
-2.685546875000000000e-02
-2.441406250000000000e-02
-2.441406250000000000e-02
-2.197265625000000000e-02
-2.441406250000000000e-02
-2.441406250000000000e-02
-2.197265625000000000e-02
-2.441406250000000000e-02
-2.441406250000000000e-02
-2.441406250000000000e-02
-2.441406250000000000e-02
-2.441406250000000000e-02
-2.441406250000000000e-02
-2.197265625000000000e-02
-2.197265625000000000e-02
-2.441406250000000000e-02
-2.685546875000000000e-02
-2.441406250000000000e-02
-2.441406250000000000e-02
-2.441406250000000000e-02
-2.197265625000000000e-02
-2.441406250000000000e-02
-2.685546875000000000e-02
-2.441406250000000000e-02
-2.197265625000000000e-02
-2.197265625000000000e-02
-2.441406250000000000e-02
-2.197265625000000000e-02
-2.197265625000000000e-02
-2.197265625000000000e-02
-2.441406250000000000e-02
-2.441406250000000000e-02
-2.441406250000000000e-02
-2.685546875000000000e-02
-2.441406250000000000e-02
-2.197265625000000000e-02
-2.197265625000000000e-02
-2.441406250000000000e-02
-2.441406250000000000e-02
-2.197265625000000000e-02
-2.441406250000000000e-02
-2.685546875000000000e-02
-2.685546875000000000e-02
-2.685546875000000000e-02
-2.197265625000000000e-02
-2.441406250000000000e-02
-1.953125000000000000e-02
-2.441406250000000000e-02
-2.441406250000000000e-02
-2.441406250000000000e-02
-2.441406250000000000e-02
-2.197265625000000000e-02
-1.953125000000000000e-02
-2.197265625000000000e-02
-2.441406250000000000e-02
-2.441406250000000000e-02
-2.685546875000000000e-02
-2.685546875000000000e-02
-2.441406250000000000e-02
-2.441406250000000000e-02
-2.197265625000000000e-02
-2.441406250000000000e-02
-2.197265625000000000e-02
-2.441406250000000000e-02
-2.197265625000000000e-02
-2.197265625000000000e-02
-2.197265625000000000e-02
-2.197265625000000000e-02
-2.441406250000000000e-02
-2.441406250000000000e-02
-2.441406250000000000e-02
-2.441406250000000000e-02
-2.197265625000000000e-02
-2.197265625000000000e-02
-2.197265625000000000e-02
-2.685546875000000000e-02
-2.441406250000000000e-02
-2.441406250000000000e-02
-2.441406250000000000e-02
-2.197265625000000000e-02
-2.197265625000000000e-02
-2.441406250000000000e-02
-2.441406250000000000e-02
-2.441406250000000000e-02
-2.197265625000000000e-02
-2.197265625000000000e-02
-2.441406250000000000e-02
-2.197265625000000000e-02
-2.197265625000000000e-02
-2.441406250000000000e-02
-2.441406250000000000e-02
-2.441406250000000000e-02
-2.197265625000000000e-02
-2.197265625000000000e-02
-2.441406250000000000e-02
-1.953125000000000000e-02
-2.197265625000000000e-02
-2.197265625000000000e-02
-2.441406250000000000e-02
-2.441406250000000000e-02
-2.685546875000000000e-02
-2.685546875000000000e-02
-2.197265625000000000e-02
-2.197265625000000000e-02
-2.197265625000000000e-02
-1.953125000000000000e-02
-2.441406250000000000e-02
-2.441406250000000000e-02
-2.441406250000000000e-02
-2.197265625000000000e-02
-2.197265625000000000e-02
-2.197265625000000000e-02
-2.197265625000000000e-02
-2.197265625000000000e-02
-2.441406250000000000e-02
-2.197265625000000000e-02
-2.441406250000000000e-02
-1.953125000000000000e-02
-2.197265625000000000e-02
-2.441406250000000000e-02
-2.441406250000000000e-02
-2.685546875000000000e-02
-2.441406250000000000e-02
-2.441406250000000000e-02
-2.197265625000000000e-02
-2.197265625000000000e-02
-2.441406250000000000e-02
-1.953125000000000000e-02
-2.197265625000000000e-02
-2.441406250000000000e-02
-2.441406250000000000e-02
-2.685546875000000000e-02
-2.441406250000000000e-02
-2.441406250000000000e-02
-2.441406250000000000e-02
-2.197265625000000000e-02
-2.441406250000000000e-02
-2.441406250000000000e-02
-2.441406250000000000e-02
-2.197265625000000000e-02
-2.197265625000000000e-02
-2.197265625000000000e-02
-2.197265625000000000e-02
-2.685546875000000000e-02
-2.685546875000000000e-02
-2.685546875000000000e-02
-2.441406250000000000e-02
-2.441406250000000000e-02
-2.197265625000000000e-02
-2.197265625000000000e-02
-2.197265625000000000e-02
-2.441406250000000000e-02
-2.441406250000000000e-02
-2.197265625000000000e-02
-2.197265625000000000e-02
-1.953125000000000000e-02
-2.441406250000000000e-02
-2.441406250000000000e-02
-2.441406250000000000e-02
-2.685546875000000000e-02
-2.197265625000000000e-02
-2.197265625000000000e-02
-2.197265625000000000e-02
-2.197265625000000000e-02
-2.197265625000000000e-02
-2.197265625000000000e-02
-2.441406250000000000e-02
-2.685546875000000000e-02
-2.441406250000000000e-02
-2.441406250000000000e-02
-2.441406250000000000e-02
-2.197265625000000000e-02
-2.197265625000000000e-02
-1.953125000000000000e-02
-2.197265625000000000e-02
-2.441406250000000000e-02
-2.441406250000000000e-02
-2.441406250000000000e-02
-2.685546875000000000e-02
-2.441406250000000000e-02
-2.441406250000000000e-02
-2.441406250000000000e-02
-2.441406250000000000e-02
-2.441406250000000000e-02
-2.197265625000000000e-02
-2.441406250000000000e-02
-2.441406250000000000e-02
-2.441406250000000000e-02
-2.441406250000000000e-02
-2.685546875000000000e-02
-2.685546875000000000e-02
-2.441406250000000000e-02
-2.441406250000000000e-02
-1.953125000000000000e-02
-2.197265625000000000e-02
-2.441406250000000000e-02
-2.441406250000000000e-02
-2.441406250000000000e-02
-2.685546875000000000e-02
-2.441406250000000000e-02
-2.197265625000000000e-02
-2.441406250000000000e-02
-2.441406250000000000e-02
-2.685546875000000000e-02
-2.685546875000000000e-02
-2.441406250000000000e-02
-2.197265625000000000e-02
-2.197265625000000000e-02
-2.197265625000000000e-02
-2.441406250000000000e-02
-2.197265625000000000e-02
-2.441406250000000000e-02
-2.441406250000000000e-02
-2.441406250000000000e-02
-2.197265625000000000e-02
-2.441406250000000000e-02
-2.441406250000000000e-02
-2.441406250000000000e-02
-2.685546875000000000e-02
-2.441406250000000000e-02
-2.441406250000000000e-02
-2.197265625000000000e-02
-2.197265625000000000e-02
-2.441406250000000000e-02
-2.441406250000000000e-02
-2.441406250000000000e-02
-2.197265625000000000e-02
-2.197265625000000000e-02
-2.197265625000000000e-02
-1.953125000000000000e-02
-2.197265625000000000e-02
-2.441406250000000000e-02
-2.685546875000000000e-02
-2.685546875000000000e-02
-2.441406250000000000e-02
-2.441406250000000000e-02
-2.441406250000000000e-02
-2.441406250000000000e-02
-2.441406250000000000e-02
-2.197265625000000000e-02
-2.197265625000000000e-02
-2.441406250000000000e-02
-2.441406250000000000e-02
-2.441406250000000000e-02
-2.197265625000000000e-02
-2.441406250000000000e-02
-2.685546875000000000e-02
-2.441406250000000000e-02
-2.197265625000000000e-02
-2.441406250000000000e-02
-2.197265625000000000e-02
-2.441406250000000000e-02
-2.685546875000000000e-02
-2.441406250000000000e-02
-2.685546875000000000e-02
-2.685546875000000000e-02
-2.441406250000000000e-02
-2.441406250000000000e-02
-2.441406250000000000e-02
-2.441406250000000000e-02
-2.685546875000000000e-02
-2.441406250000000000e-02
-2.197265625000000000e-02
-2.197265625000000000e-02
-2.197265625000000000e-02
-2.441406250000000000e-02
-2.441406250000000000e-02
-2.685546875000000000e-02
-2.197265625000000000e-02
-2.441406250000000000e-02
-2.441406250000000000e-02
-2.685546875000000000e-02
-2.685546875000000000e-02
-2.685546875000000000e-02
-2.441406250000000000e-02
-2.197265625000000000e-02
-2.441406250000000000e-02
-2.441406250000000000e-02
-2.441406250000000000e-02
-2.685546875000000000e-02
-2.929687500000000000e-02
-2.685546875000000000e-02
-2.685546875000000000e-02
-2.441406250000000000e-02
-2.441406250000000000e-02
-2.929687500000000000e-02
-2.685546875000000000e-02
-2.929687500000000000e-02
-2.441406250000000000e-02
-2.441406250000000000e-02
-2.197265625000000000e-02
-2.197265625000000000e-02
-2.197265625000000000e-02
-2.441406250000000000e-02
-2.685546875000000000e-02
-2.685546875000000000e-02
-2.441406250000000000e-02
-2.441406250000000000e-02
-2.197265625000000000e-02
-2.441406250000000000e-02
-2.685546875000000000e-02
-2.441406250000000000e-02
-2.685546875000000000e-02
-2.441406250000000000e-02
-2.441406250000000000e-02
-2.441406250000000000e-02
-2.685546875000000000e-02
-2.441406250000000000e-02
-2.441406250000000000e-02
-2.685546875000000000e-02
-2.441406250000000000e-02
-2.441406250000000000e-02
-2.441406250000000000e-02
-2.441406250000000000e-02
-2.441406250000000000e-02
-2.685546875000000000e-02
-2.685546875000000000e-02
-2.441406250000000000e-02
-2.441406250000000000e-02
-2.441406250000000000e-02
-2.441406250000000000e-02
-2.441406250000000000e-02
-2.685546875000000000e-02
-2.929687500000000000e-02
-2.685546875000000000e-02
-2.685546875000000000e-02
-2.441406250000000000e-02
-2.441406250000000000e-02
-2.685546875000000000e-02
-2.685546875000000000e-02
-2.441406250000000000e-02
-2.441406250000000000e-02
-2.441406250000000000e-02
-2.685546875000000000e-02
-2.685546875000000000e-02
-2.441406250000000000e-02
-2.441406250000000000e-02
-2.441406250000000000e-02
-2.197265625000000000e-02
-2.441406250000000000e-02
-2.441406250000000000e-02
-2.197265625000000000e-02
-2.441406250000000000e-02
-2.441406250000000000e-02
-2.685546875000000000e-02
-2.685546875000000000e-02
-2.685546875000000000e-02
-2.685546875000000000e-02
-2.685546875000000000e-02
-2.441406250000000000e-02
-2.929687500000000000e-02
-2.929687500000000000e-02
-2.929687500000000000e-02
-2.685546875000000000e-02
-2.685546875000000000e-02
-2.685546875000000000e-02
-2.441406250000000000e-02
-2.685546875000000000e-02
-2.929687500000000000e-02
-2.929687500000000000e-02
-2.929687500000000000e-02
-2.685546875000000000e-02
-2.685546875000000000e-02
-2.685546875000000000e-02
-2.441406250000000000e-02
-2.441406250000000000e-02
-2.441406250000000000e-02
-2.685546875000000000e-02
-2.929687500000000000e-02
-2.685546875000000000e-02
-2.685546875000000000e-02
-2.685546875000000000e-02
-2.929687500000000000e-02
-2.929687500000000000e-02
-2.929687500000000000e-02
-2.685546875000000000e-02
-2.685546875000000000e-02
-2.685546875000000000e-02
-2.929687500000000000e-02
-2.929687500000000000e-02
-2.685546875000000000e-02
-2.685546875000000000e-02
-2.929687500000000000e-02
-2.685546875000000000e-02
-2.441406250000000000e-02
-2.685546875000000000e-02
-2.685546875000000000e-02
-2.929687500000000000e-02
-2.929687500000000000e-02
-2.685546875000000000e-02
-2.685546875000000000e-02
-2.685546875000000000e-02
-2.929687500000000000e-02
-2.685546875000000000e-02
-2.685546875000000000e-02
-2.441406250000000000e-02
-2.685546875000000000e-02
-2.685546875000000000e-02
-2.685546875000000000e-02
-2.929687500000000000e-02
-2.685546875000000000e-02
-2.685546875000000000e-02
-2.685546875000000000e-02
-2.685546875000000000e-02
-2.685546875000000000e-02
-2.685546875000000000e-02
-2.441406250000000000e-02
-2.197265625000000000e-02
-2.197265625000000000e-02
-2.197265625000000000e-02
-2.441406250000000000e-02
-2.441406250000000000e-02
-2.441406250000000000e-02
-2.685546875000000000e-02
-2.441406250000000000e-02
-2.685546875000000000e-02
-2.685546875000000000e-02
-2.929687500000000000e-02
-2.685546875000000000e-02
-2.441406250000000000e-02
-2.441406250000000000e-02
-2.685546875000000000e-02
-2.685546875000000000e-02
-2.441406250000000000e-02
-2.441406250000000000e-02
-2.197265625000000000e-02
-2.685546875000000000e-02
-2.685546875000000000e-02
-2.685546875000000000e-02
-2.441406250000000000e-02
-2.197265625000000000e-02
-2.197265625000000000e-02
-2.197265625000000000e-02
-2.441406250000000000e-02
-2.441406250000000000e-02
-2.685546875000000000e-02
-2.685546875000000000e-02
-2.441406250000000000e-02
-2.441406250000000000e-02
-2.441406250000000000e-02
-2.685546875000000000e-02
-2.441406250000000000e-02
-2.685546875000000000e-02
-2.685546875000000000e-02
-2.929687500000000000e-02
-2.441406250000000000e-02
-2.441406250000000000e-02
-2.441406250000000000e-02
-2.441406250000000000e-02
-2.685546875000000000e-02
-2.441406250000000000e-02
-2.685546875000000000e-02
-2.441406250000000000e-02
-2.441406250000000000e-02
-2.441406250000000000e-02
-2.441406250000000000e-02
-2.441406250000000000e-02
-2.685546875000000000e-02
-2.685546875000000000e-02
-2.685546875000000000e-02
-2.441406250000000000e-02
-2.685546875000000000e-02
-2.685546875000000000e-02
-2.441406250000000000e-02
-2.197265625000000000e-02
-2.197265625000000000e-02
-2.441406250000000000e-02
-2.441406250000000000e-02
-2.441406250000000000e-02
-2.929687500000000000e-02
-2.685546875000000000e-02
-2.441406250000000000e-02
-2.197265625000000000e-02
-2.441406250000000000e-02
-2.441406250000000000e-02
-2.197265625000000000e-02
-2.685546875000000000e-02
-2.441406250000000000e-02
-2.685546875000000000e-02
-2.441406250000000000e-02
-2.929687500000000000e-02
-2.685546875000000000e-02
-2.685546875000000000e-02
-2.441406250000000000e-02
-2.929687500000000000e-02
-2.929687500000000000e-02
-3.173828125000000000e-02
-2.929687500000000000e-02
-2.685546875000000000e-02
-2.929687500000000000e-02
-2.929687500000000000e-02
-2.929687500000000000e-02
-2.929687500000000000e-02
-2.685546875000000000e-02
-2.685546875000000000e-02
-2.929687500000000000e-02
-2.929687500000000000e-02
-2.441406250000000000e-02
-2.685546875000000000e-02
-2.929687500000000000e-02
-2.929687500000000000e-02
-2.929687500000000000e-02
-2.685546875000000000e-02
-2.685546875000000000e-02
-2.685546875000000000e-02
-2.929687500000000000e-02
-2.929687500000000000e-02
-2.929687500000000000e-02
-2.685546875000000000e-02
-2.929687500000000000e-02
-2.929687500000000000e-02
-2.685546875000000000e-02
-2.929687500000000000e-02
-2.929687500000000000e-02
-2.929687500000000000e-02
-2.685546875000000000e-02
-2.685546875000000000e-02
-2.441406250000000000e-02
-2.929687500000000000e-02
-2.685546875000000000e-02
-2.685546875000000000e-02
-2.685546875000000000e-02
-2.929687500000000000e-02
-2.929687500000000000e-02
-2.929687500000000000e-02
-2.929687500000000000e-02
-2.685546875000000000e-02
-2.685546875000000000e-02
-2.685546875000000000e-02
-2.929687500000000000e-02
-2.929687500000000000e-02
-2.929687500000000000e-02
-2.929687500000000000e-02
-2.685546875000000000e-02
-2.929687500000000000e-02
-2.929687500000000000e-02
-2.929687500000000000e-02
-2.441406250000000000e-02
-2.929687500000000000e-02
-2.929687500000000000e-02
-2.441406250000000000e-02
-2.441406250000000000e-02
-2.441406250000000000e-02
-2.929687500000000000e-02
-2.929687500000000000e-02
-3.173828125000000000e-02
-2.929687500000000000e-02
-3.173828125000000000e-02
-2.929687500000000000e-02
-2.929687500000000000e-02
-2.685546875000000000e-02
-2.441406250000000000e-02
-2.685546875000000000e-02
-2.685546875000000000e-02
-2.929687500000000000e-02
-2.685546875000000000e-02
-2.685546875000000000e-02
-2.929687500000000000e-02
-2.929687500000000000e-02
-2.929687500000000000e-02
-2.685546875000000000e-02
-2.685546875000000000e-02
-2.685546875000000000e-02
-2.685546875000000000e-02
-2.685546875000000000e-02
-2.929687500000000000e-02
-3.173828125000000000e-02
-2.929687500000000000e-02
-2.929687500000000000e-02
-2.685546875000000000e-02
-2.685546875000000000e-02
-2.685546875000000000e-02
-2.685546875000000000e-02
-2.929687500000000000e-02
-2.685546875000000000e-02
-2.929687500000000000e-02
-2.685546875000000000e-02
-2.929687500000000000e-02
-2.929687500000000000e-02
-3.173828125000000000e-02
-2.929687500000000000e-02
-2.929687500000000000e-02
-2.685546875000000000e-02
-2.685546875000000000e-02
-2.929687500000000000e-02
-2.685546875000000000e-02
-2.685546875000000000e-02
-2.929687500000000000e-02
-2.929687500000000000e-02
-2.929687500000000000e-02
-2.929687500000000000e-02
-2.685546875000000000e-02
-2.685546875000000000e-02
-2.685546875000000000e-02
-2.929687500000000000e-02
-2.929687500000000000e-02
-3.173828125000000000e-02
-3.173828125000000000e-02
-2.929687500000000000e-02
-2.929687500000000000e-02
-2.929687500000000000e-02
-3.173828125000000000e-02
-2.685546875000000000e-02
-2.685546875000000000e-02
-2.929687500000000000e-02
-3.173828125000000000e-02
-2.929687500000000000e-02
-2.929687500000000000e-02
-2.685546875000000000e-02
-2.685546875000000000e-02
-2.685546875000000000e-02
-2.929687500000000000e-02
-3.173828125000000000e-02
-3.173828125000000000e-02
-3.173828125000000000e-02
-2.929687500000000000e-02
-2.929687500000000000e-02
-2.929687500000000000e-02
-3.173828125000000000e-02
-3.173828125000000000e-02
-3.173828125000000000e-02
-2.929687500000000000e-02
-2.929687500000000000e-02
-2.929687500000000000e-02
-3.173828125000000000e-02
-3.173828125000000000e-02
-3.417968750000000000e-02
-3.173828125000000000e-02
-3.173828125000000000e-02
-2.929687500000000000e-02
-2.929687500000000000e-02
-2.929687500000000000e-02
-2.929687500000000000e-02
-3.173828125000000000e-02
-3.173828125000000000e-02
-3.173828125000000000e-02
-3.417968750000000000e-02
-3.417968750000000000e-02
-2.929687500000000000e-02
-2.929687500000000000e-02
-3.173828125000000000e-02
-3.173828125000000000e-02
-3.173828125000000000e-02
-3.173828125000000000e-02
-2.929687500000000000e-02
-2.929687500000000000e-02
-2.929687500000000000e-02
-2.929687500000000000e-02
-3.173828125000000000e-02
-2.929687500000000000e-02
-2.929687500000000000e-02
-2.929687500000000000e-02
-3.173828125000000000e-02
-2.929687500000000000e-02
-3.173828125000000000e-02
-3.173828125000000000e-02
-3.173828125000000000e-02
-3.173828125000000000e-02
-3.417968750000000000e-02
-3.417968750000000000e-02
-3.417968750000000000e-02
-3.173828125000000000e-02
-3.173828125000000000e-02
-3.173828125000000000e-02
-3.417968750000000000e-02
-3.417968750000000000e-02
-3.173828125000000000e-02
-3.173828125000000000e-02
-3.173828125000000000e-02
-2.929687500000000000e-02
-3.173828125000000000e-02
-3.173828125000000000e-02
-3.173828125000000000e-02
-2.929687500000000000e-02
-3.417968750000000000e-02
-3.417968750000000000e-02
-3.173828125000000000e-02
-3.173828125000000000e-02
-3.173828125000000000e-02
-3.173828125000000000e-02
-3.173828125000000000e-02
-3.417968750000000000e-02
-3.173828125000000000e-02
-3.173828125000000000e-02
-3.417968750000000000e-02
-3.662109375000000000e-02
-3.417968750000000000e-02
-3.173828125000000000e-02
-3.417968750000000000e-02
-3.417968750000000000e-02
-3.417968750000000000e-02
-3.173828125000000000e-02
-3.173828125000000000e-02
-3.417968750000000000e-02
-3.662109375000000000e-02
-3.417968750000000000e-02
-3.173828125000000000e-02
-2.929687500000000000e-02
-3.173828125000000000e-02
-3.417968750000000000e-02
-3.173828125000000000e-02
-3.417968750000000000e-02
-3.417968750000000000e-02
-3.173828125000000000e-02
-3.417968750000000000e-02
-3.417968750000000000e-02
-2.929687500000000000e-02
-2.929687500000000000e-02
-3.417968750000000000e-02
-3.662109375000000000e-02
-3.662109375000000000e-02
-3.417968750000000000e-02
-3.662109375000000000e-02
-3.417968750000000000e-02
-3.417968750000000000e-02
-3.662109375000000000e-02
-3.662109375000000000e-02
-3.906250000000000000e-02
-3.906250000000000000e-02
-3.417968750000000000e-02
-3.417968750000000000e-02
-3.417968750000000000e-02
-3.173828125000000000e-02
-3.662109375000000000e-02
-3.662109375000000000e-02
-3.906250000000000000e-02
-3.662109375000000000e-02
-3.662109375000000000e-02
-3.417968750000000000e-02
-3.417968750000000000e-02
-3.662109375000000000e-02
-3.906250000000000000e-02
-3.662109375000000000e-02
-3.662109375000000000e-02
-3.417968750000000000e-02
-3.662109375000000000e-02
-3.662109375000000000e-02
-3.662109375000000000e-02
-3.662109375000000000e-02
-3.417968750000000000e-02
-3.417968750000000000e-02
-3.662109375000000000e-02
-3.906250000000000000e-02
-3.906250000000000000e-02
-3.906250000000000000e-02
-3.662109375000000000e-02
-3.662109375000000000e-02
-3.662109375000000000e-02
-3.662109375000000000e-02
-3.662109375000000000e-02
-3.662109375000000000e-02
-3.417968750000000000e-02
-3.662109375000000000e-02
-3.906250000000000000e-02
-3.662109375000000000e-02
-3.662109375000000000e-02
-3.417968750000000000e-02
-3.662109375000000000e-02
-3.906250000000000000e-02
-3.906250000000000000e-02
-3.906250000000000000e-02
-3.906250000000000000e-02
-3.906250000000000000e-02
-3.662109375000000000e-02
-3.417968750000000000e-02
-3.417968750000000000e-02
-3.662109375000000000e-02
-3.906250000000000000e-02
-3.906250000000000000e-02
-4.150390625000000000e-02
-3.662109375000000000e-02
-3.662109375000000000e-02
-3.906250000000000000e-02
-3.906250000000000000e-02
-3.906250000000000000e-02
-3.906250000000000000e-02
-4.150390625000000000e-02
-3.906250000000000000e-02
-3.906250000000000000e-02
-3.906250000000000000e-02
-3.662109375000000000e-02
-3.906250000000000000e-02
-3.906250000000000000e-02
-4.150390625000000000e-02
-3.906250000000000000e-02
-3.662109375000000000e-02
-3.662109375000000000e-02
-3.662109375000000000e-02
-3.906250000000000000e-02
-3.906250000000000000e-02
-4.150390625000000000e-02
-4.150390625000000000e-02
-3.906250000000000000e-02
-3.906250000000000000e-02
-3.662109375000000000e-02
-4.150390625000000000e-02
-3.906250000000000000e-02
-3.906250000000000000e-02
-3.662109375000000000e-02
-3.662109375000000000e-02
-4.150390625000000000e-02
-4.150390625000000000e-02
-4.150390625000000000e-02
-3.906250000000000000e-02
-3.906250000000000000e-02
-3.662109375000000000e-02
-4.150390625000000000e-02
-4.150390625000000000e-02
-4.150390625000000000e-02
-4.150390625000000000e-02
-3.906250000000000000e-02
-3.906250000000000000e-02
-4.150390625000000000e-02
-3.906250000000000000e-02
-4.394531250000000000e-02
-4.150390625000000000e-02
-4.150390625000000000e-02
-3.906250000000000000e-02
-4.150390625000000000e-02
-4.150390625000000000e-02
-4.150390625000000000e-02
-4.150390625000000000e-02
-3.662109375000000000e-02
-3.906250000000000000e-02
-3.906250000000000000e-02
-4.150390625000000000e-02
-3.906250000000000000e-02
-4.150390625000000000e-02
-3.906250000000000000e-02
-3.662109375000000000e-02
-3.906250000000000000e-02
-3.906250000000000000e-02
-3.906250000000000000e-02
-4.150390625000000000e-02
-3.906250000000000000e-02
-4.150390625000000000e-02
-4.150390625000000000e-02
-4.394531250000000000e-02
-4.394531250000000000e-02
-4.150390625000000000e-02
-4.150390625000000000e-02
-4.150390625000000000e-02
-4.150390625000000000e-02
-3.906250000000000000e-02
-3.906250000000000000e-02
-4.150390625000000000e-02
-4.394531250000000000e-02
-4.394531250000000000e-02
-4.394531250000000000e-02
-4.150390625000000000e-02
-3.906250000000000000e-02
-4.150390625000000000e-02
-4.150390625000000000e-02
-3.906250000000000000e-02
-3.906250000000000000e-02
-3.906250000000000000e-02
-4.394531250000000000e-02
-4.394531250000000000e-02
-4.394531250000000000e-02
-4.638671875000000000e-02
-4.394531250000000000e-02
-4.394531250000000000e-02
-4.638671875000000000e-02
-4.638671875000000000e-02
-4.394531250000000000e-02
-4.150390625000000000e-02
-4.394531250000000000e-02
-4.638671875000000000e-02
-4.394531250000000000e-02
-4.638671875000000000e-02
-4.394531250000000000e-02
-4.394531250000000000e-02
-4.394531250000000000e-02
-4.638671875000000000e-02
-4.394531250000000000e-02
-4.882812500000000000e-02
-4.638671875000000000e-02
-4.638671875000000000e-02
-4.150390625000000000e-02
-4.150390625000000000e-02
-4.150390625000000000e-02
-4.394531250000000000e-02
-4.638671875000000000e-02
-4.150390625000000000e-02
-4.150390625000000000e-02
-4.638671875000000000e-02
-4.638671875000000000e-02
-4.638671875000000000e-02
-4.638671875000000000e-02
-4.638671875000000000e-02
-4.394531250000000000e-02
-4.394531250000000000e-02
-4.638671875000000000e-02
-4.638671875000000000e-02
-4.882812500000000000e-02
-4.882812500000000000e-02
-4.394531250000000000e-02
-4.638671875000000000e-02
-4.394531250000000000e-02
-4.394531250000000000e-02
-4.394531250000000000e-02
-4.394531250000000000e-02
-4.394531250000000000e-02
-4.394531250000000000e-02
-4.394531250000000000e-02
-4.638671875000000000e-02
-4.638671875000000000e-02
-4.882812500000000000e-02
-4.638671875000000000e-02
-4.394531250000000000e-02
-4.638671875000000000e-02
-4.638671875000000000e-02
-4.882812500000000000e-02
-4.638671875000000000e-02
-4.882812500000000000e-02
-4.638671875000000000e-02
-4.638671875000000000e-02
-4.638671875000000000e-02
-4.638671875000000000e-02
-4.638671875000000000e-02
-4.394531250000000000e-02
-4.394531250000000000e-02
-4.150390625000000000e-02
-4.638671875000000000e-02
-4.394531250000000000e-02
-4.394531250000000000e-02
-4.394531250000000000e-02
-4.394531250000000000e-02
-4.638671875000000000e-02
-4.882812500000000000e-02
-5.126953125000000000e-02
-4.638671875000000000e-02
-4.638671875000000000e-02
-4.394531250000000000e-02
-4.638671875000000000e-02
-4.150390625000000000e-02
-4.150390625000000000e-02
-4.394531250000000000e-02
-4.638671875000000000e-02
-4.882812500000000000e-02
-4.882812500000000000e-02
-4.394531250000000000e-02
-4.638671875000000000e-02
-4.394531250000000000e-02
-4.638671875000000000e-02
-4.638671875000000000e-02
-4.638671875000000000e-02
-4.638671875000000000e-02
-4.638671875000000000e-02
-4.638671875000000000e-02
-4.638671875000000000e-02
-4.882812500000000000e-02
-4.638671875000000000e-02
-4.638671875000000000e-02
-4.638671875000000000e-02
-4.882812500000000000e-02
-4.882812500000000000e-02
-4.638671875000000000e-02
-4.638671875000000000e-02
-4.638671875000000000e-02
-4.882812500000000000e-02
-4.882812500000000000e-02
-4.638671875000000000e-02
-4.638671875000000000e-02
-4.638671875000000000e-02
-4.638671875000000000e-02
-4.882812500000000000e-02
-4.882812500000000000e-02
-4.882812500000000000e-02
-4.882812500000000000e-02
-4.638671875000000000e-02
-4.394531250000000000e-02
-4.394531250000000000e-02
-4.638671875000000000e-02
-4.882812500000000000e-02
-5.126953125000000000e-02
-4.882812500000000000e-02
-4.638671875000000000e-02
-4.882812500000000000e-02
-4.882812500000000000e-02
-4.638671875000000000e-02
-4.394531250000000000e-02
-4.638671875000000000e-02
-4.394531250000000000e-02
-4.638671875000000000e-02
-4.882812500000000000e-02
-4.882812500000000000e-02
-5.126953125000000000e-02
-4.882812500000000000e-02
-4.638671875000000000e-02
-4.638671875000000000e-02
-4.394531250000000000e-02
-4.394531250000000000e-02
-4.394531250000000000e-02
-4.882812500000000000e-02
-4.882812500000000000e-02
-5.126953125000000000e-02
-4.882812500000000000e-02
-4.882812500000000000e-02
-4.882812500000000000e-02
-4.638671875000000000e-02
-4.638671875000000000e-02
-4.882812500000000000e-02
-5.126953125000000000e-02
-4.882812500000000000e-02
-4.882812500000000000e-02
-4.882812500000000000e-02
-4.882812500000000000e-02
-4.882812500000000000e-02
-4.882812500000000000e-02
-4.882812500000000000e-02
-4.882812500000000000e-02
-4.638671875000000000e-02
-4.882812500000000000e-02
-4.882812500000000000e-02
-4.882812500000000000e-02
-4.882812500000000000e-02
-5.126953125000000000e-02
-5.126953125000000000e-02
-5.126953125000000000e-02
-5.126953125000000000e-02
-4.882812500000000000e-02
-4.882812500000000000e-02
-4.882812500000000000e-02
-5.126953125000000000e-02
-5.126953125000000000e-02
-5.126953125000000000e-02
-5.126953125000000000e-02
-4.882812500000000000e-02
-4.638671875000000000e-02
-4.638671875000000000e-02
-4.882812500000000000e-02
-4.882812500000000000e-02
-4.882812500000000000e-02
-5.126953125000000000e-02
-4.882812500000000000e-02
-4.882812500000000000e-02
-4.882812500000000000e-02
-4.882812500000000000e-02
-5.126953125000000000e-02
-5.126953125000000000e-02
-4.882812500000000000e-02
-4.882812500000000000e-02
-4.638671875000000000e-02
-5.126953125000000000e-02
-5.126953125000000000e-02
-5.126953125000000000e-02
-5.371093750000000000e-02
-5.126953125000000000e-02
-5.126953125000000000e-02
-4.882812500000000000e-02
-4.882812500000000000e-02
-4.882812500000000000e-02
-5.126953125000000000e-02
-4.882812500000000000e-02
-4.882812500000000000e-02
-5.126953125000000000e-02
-5.126953125000000000e-02
-5.371093750000000000e-02
-4.882812500000000000e-02
-4.882812500000000000e-02
-4.882812500000000000e-02
-4.882812500000000000e-02
-4.882812500000000000e-02
-4.882812500000000000e-02
-5.126953125000000000e-02
-5.126953125000000000e-02
-5.615234375000000000e-02
-5.371093750000000000e-02
-5.126953125000000000e-02
-5.371093750000000000e-02
-5.615234375000000000e-02
-5.371093750000000000e-02
-5.371093750000000000e-02
-5.126953125000000000e-02
-5.371093750000000000e-02
-5.615234375000000000e-02
-5.615234375000000000e-02
-5.371093750000000000e-02
-5.371093750000000000e-02
-5.126953125000000000e-02
-5.126953125000000000e-02
-5.126953125000000000e-02
-5.126953125000000000e-02
-5.371093750000000000e-02
-5.371093750000000000e-02
-5.615234375000000000e-02
-5.859375000000000000e-02
-5.371093750000000000e-02
-5.371093750000000000e-02
-5.615234375000000000e-02
-5.615234375000000000e-02
-5.615234375000000000e-02
-5.371093750000000000e-02
-5.371093750000000000e-02
-5.371093750000000000e-02
-5.371093750000000000e-02
-5.126953125000000000e-02
-5.126953125000000000e-02
-5.126953125000000000e-02
-5.371093750000000000e-02
-5.615234375000000000e-02
-5.371093750000000000e-02
-5.371093750000000000e-02
-5.371093750000000000e-02
-5.615234375000000000e-02
-5.371093750000000000e-02
-5.126953125000000000e-02
-5.371093750000000000e-02
-5.615234375000000000e-02
-5.615234375000000000e-02
-5.615234375000000000e-02
-4.638671875000000000e-02
-4.394531250000000000e-02
-4.394531250000000000e-02
-4.394531250000000000e-02
-4.882812500000000000e-02
-4.882812500000000000e-02
-4.882812500000000000e-02
-4.882812500000000000e-02
-4.882812500000000000e-02
-5.126953125000000000e-02
-5.126953125000000000e-02
-5.126953125000000000e-02
-5.126953125000000000e-02
-5.371093750000000000e-02
-5.371093750000000000e-02
-5.126953125000000000e-02
-5.371093750000000000e-02
-5.615234375000000000e-02
-5.615234375000000000e-02
-5.859375000000000000e-02
-5.859375000000000000e-02
-5.615234375000000000e-02
-5.615234375000000000e-02
-5.615234375000000000e-02
-5.615234375000000000e-02
-5.615234375000000000e-02
-5.615234375000000000e-02
-5.615234375000000000e-02
-5.615234375000000000e-02
-5.615234375000000000e-02
-5.615234375000000000e-02
-5.859375000000000000e-02
-5.859375000000000000e-02
-5.615234375000000000e-02
-5.615234375000000000e-02
-5.371093750000000000e-02
-5.371093750000000000e-02
-5.615234375000000000e-02
-5.615234375000000000e-02
-5.615234375000000000e-02
-5.371093750000000000e-02
-5.615234375000000000e-02
-5.615234375000000000e-02
-5.859375000000000000e-02
-5.615234375000000000e-02
-5.615234375000000000e-02
-5.615234375000000000e-02
-5.615234375000000000e-02
-5.859375000000000000e-02
-5.859375000000000000e-02
-5.615234375000000000e-02
-5.615234375000000000e-02
-5.615234375000000000e-02
-5.615234375000000000e-02
-5.615234375000000000e-02
-5.615234375000000000e-02
-5.859375000000000000e-02
-5.859375000000000000e-02
-5.371093750000000000e-02
-5.371093750000000000e-02
-5.126953125000000000e-02
-5.371093750000000000e-02
-5.615234375000000000e-02
-5.615234375000000000e-02
-5.615234375000000000e-02
-5.615234375000000000e-02
-5.859375000000000000e-02
-5.859375000000000000e-02
-5.615234375000000000e-02
-5.615234375000000000e-02
-5.859375000000000000e-02
-5.859375000000000000e-02
-5.859375000000000000e-02
-5.859375000000000000e-02
-5.615234375000000000e-02
-5.859375000000000000e-02
-5.859375000000000000e-02
-5.859375000000000000e-02
-5.615234375000000000e-02
-5.859375000000000000e-02
-5.859375000000000000e-02
-6.103515625000000000e-02
-5.615234375000000000e-02
-5.615234375000000000e-02
-5.615234375000000000e-02
-5.859375000000000000e-02
-5.859375000000000000e-02
-5.859375000000000000e-02
-5.859375000000000000e-02
-5.615234375000000000e-02
-6.103515625000000000e-02
-5.615234375000000000e-02
-5.615234375000000000e-02
-5.615234375000000000e-02
-6.103515625000000000e-02
-5.859375000000000000e-02
-5.859375000000000000e-02
-5.859375000000000000e-02
-5.615234375000000000e-02
-5.859375000000000000e-02
-5.615234375000000000e-02
-5.859375000000000000e-02
-5.859375000000000000e-02
-5.859375000000000000e-02
-6.103515625000000000e-02
-5.615234375000000000e-02
-5.615234375000000000e-02
-5.371093750000000000e-02
-5.615234375000000000e-02
-5.859375000000000000e-02
-5.859375000000000000e-02
-5.859375000000000000e-02
-6.103515625000000000e-02
-5.859375000000000000e-02
-5.859375000000000000e-02
-6.103515625000000000e-02
-6.103515625000000000e-02
-5.859375000000000000e-02
-5.859375000000000000e-02
-6.103515625000000000e-02
-6.103515625000000000e-02
-6.103515625000000000e-02
-5.859375000000000000e-02
-6.103515625000000000e-02
-5.859375000000000000e-02
-5.859375000000000000e-02
-6.103515625000000000e-02
-5.859375000000000000e-02
-5.859375000000000000e-02
-5.859375000000000000e-02
-5.859375000000000000e-02
-5.615234375000000000e-02
-5.859375000000000000e-02
-6.103515625000000000e-02
-6.103515625000000000e-02
-6.103515625000000000e-02
-6.103515625000000000e-02
-6.103515625000000000e-02
-6.347656250000000000e-02
-6.347656250000000000e-02
-6.347656250000000000e-02
-6.103515625000000000e-02
-6.103515625000000000e-02
-6.103515625000000000e-02
-6.103515625000000000e-02
-6.103515625000000000e-02
-6.347656250000000000e-02
-6.347656250000000000e-02
-6.347656250000000000e-02
-6.347656250000000000e-02
-6.103515625000000000e-02
-6.103515625000000000e-02
-6.103515625000000000e-02
-6.347656250000000000e-02
-6.347656250000000000e-02
-6.347656250000000000e-02
-6.347656250000000000e-02
-6.103515625000000000e-02
-6.103515625000000000e-02
-6.103515625000000000e-02
-6.347656250000000000e-02
-6.347656250000000000e-02
-6.347656250000000000e-02
-6.347656250000000000e-02
-6.103515625000000000e-02
-6.347656250000000000e-02
-6.347656250000000000e-02
-6.347656250000000000e-02
-6.347656250000000000e-02
-6.103515625000000000e-02
-6.103515625000000000e-02
-6.103515625000000000e-02
-6.347656250000000000e-02
-6.347656250000000000e-02
-6.347656250000000000e-02
-6.103515625000000000e-02
-6.103515625000000000e-02
-6.347656250000000000e-02
-6.591796875000000000e-02
-6.591796875000000000e-02
-6.591796875000000000e-02
-6.347656250000000000e-02
-6.347656250000000000e-02
-6.103515625000000000e-02
-6.347656250000000000e-02
-6.347656250000000000e-02
-6.591796875000000000e-02
-6.591796875000000000e-02
-6.591796875000000000e-02
-6.591796875000000000e-02
-6.347656250000000000e-02
-6.347656250000000000e-02
-6.591796875000000000e-02
-6.835937500000000000e-02
-6.591796875000000000e-02
-6.347656250000000000e-02
-6.347656250000000000e-02
-6.347656250000000000e-02
-6.591796875000000000e-02
-6.591796875000000000e-02
-6.347656250000000000e-02
-6.591796875000000000e-02
-6.835937500000000000e-02
-6.835937500000000000e-02
-6.591796875000000000e-02
-6.591796875000000000e-02
-6.835937500000000000e-02
-6.835937500000000000e-02
-6.835937500000000000e-02
-6.591796875000000000e-02
-6.835937500000000000e-02
-6.835937500000000000e-02
-6.835937500000000000e-02
-6.591796875000000000e-02
-6.591796875000000000e-02
-6.591796875000000000e-02
-6.591796875000000000e-02
-6.591796875000000000e-02
-6.591796875000000000e-02
-6.591796875000000000e-02
-6.591796875000000000e-02
-6.835937500000000000e-02
-6.835937500000000000e-02
-6.591796875000000000e-02
-6.591796875000000000e-02
-6.835937500000000000e-02
-6.835937500000000000e-02
-6.835937500000000000e-02
-6.835937500000000000e-02
-6.835937500000000000e-02
-6.835937500000000000e-02
-6.591796875000000000e-02
-6.591796875000000000e-02
-6.591796875000000000e-02
-6.835937500000000000e-02
-6.835937500000000000e-02
-6.835937500000000000e-02
-7.080078125000000000e-02
-6.835937500000000000e-02
-6.835937500000000000e-02
-6.591796875000000000e-02
-6.591796875000000000e-02
-6.835937500000000000e-02
-6.835937500000000000e-02
-6.835937500000000000e-02
-6.835937500000000000e-02
-7.080078125000000000e-02
-7.324218750000000000e-02
-7.324218750000000000e-02
-7.080078125000000000e-02
-7.080078125000000000e-02
-7.080078125000000000e-02
-7.324218750000000000e-02
-7.324218750000000000e-02
-7.080078125000000000e-02
-7.080078125000000000e-02
-7.324218750000000000e-02
-7.324218750000000000e-02
-6.835937500000000000e-02
-6.591796875000000000e-02
-6.835937500000000000e-02
-7.080078125000000000e-02
-7.080078125000000000e-02
-6.835937500000000000e-02
-6.835937500000000000e-02
-6.591796875000000000e-02
-7.080078125000000000e-02
-7.080078125000000000e-02
-7.568359375000000000e-02
-7.324218750000000000e-02
-7.324218750000000000e-02
-7.080078125000000000e-02
-7.324218750000000000e-02
-7.568359375000000000e-02
-7.080078125000000000e-02
-7.324218750000000000e-02
-7.324218750000000000e-02
-7.080078125000000000e-02
-7.080078125000000000e-02
-7.568359375000000000e-02
-7.812500000000000000e-02
-7.324218750000000000e-02
-7.324218750000000000e-02
-7.324218750000000000e-02
-7.324218750000000000e-02
-7.324218750000000000e-02
-7.324218750000000000e-02
-7.324218750000000000e-02
-7.324218750000000000e-02
-7.324218750000000000e-02
-7.324218750000000000e-02
-7.324218750000000000e-02
-7.568359375000000000e-02
-7.080078125000000000e-02
-7.324218750000000000e-02
-7.324218750000000000e-02
-7.324218750000000000e-02
-7.568359375000000000e-02
-7.568359375000000000e-02
-7.568359375000000000e-02
-7.324218750000000000e-02
-7.324218750000000000e-02
-7.080078125000000000e-02
-7.324218750000000000e-02
-7.324218750000000000e-02
-7.568359375000000000e-02
-7.568359375000000000e-02
-7.324218750000000000e-02
-7.324218750000000000e-02
-7.324218750000000000e-02
-7.568359375000000000e-02
-7.568359375000000000e-02
-7.568359375000000000e-02
-7.080078125000000000e-02
-7.324218750000000000e-02
-7.568359375000000000e-02
-7.568359375000000000e-02
-7.324218750000000000e-02
-7.324218750000000000e-02
-7.812500000000000000e-02
-7.568359375000000000e-02
-7.568359375000000000e-02
-7.568359375000000000e-02
-7.324218750000000000e-02
-7.568359375000000000e-02
-7.568359375000000000e-02
-7.568359375000000000e-02
-7.568359375000000000e-02
-7.568359375000000000e-02
-7.568359375000000000e-02
-7.812500000000000000e-02
-7.324218750000000000e-02
-7.324218750000000000e-02
-7.324218750000000000e-02
-7.568359375000000000e-02
-7.568359375000000000e-02
-7.812500000000000000e-02
-7.812500000000000000e-02
-7.812500000000000000e-02
-7.812500000000000000e-02
-7.568359375000000000e-02
-7.324218750000000000e-02
-7.324218750000000000e-02
-7.812500000000000000e-02
-7.812500000000000000e-02
-7.812500000000000000e-02
-7.568359375000000000e-02
-7.568359375000000000e-02
-7.568359375000000000e-02
-7.812500000000000000e-02
-7.568359375000000000e-02
-7.568359375000000000e-02
-7.568359375000000000e-02
-7.324218750000000000e-02
-7.568359375000000000e-02
-7.568359375000000000e-02
-7.568359375000000000e-02
-7.568359375000000000e-02
-7.568359375000000000e-02
-7.812500000000000000e-02
-7.568359375000000000e-02
-7.568359375000000000e-02
-7.568359375000000000e-02
-7.568359375000000000e-02
-7.812500000000000000e-02
-7.812500000000000000e-02
-7.324218750000000000e-02
-7.324218750000000000e-02
-7.568359375000000000e-02
-7.568359375000000000e-02
-7.812500000000000000e-02
-7.812500000000000000e-02
-7.568359375000000000e-02
-7.568359375000000000e-02
-7.324218750000000000e-02
-7.324218750000000000e-02
-7.324218750000000000e-02
-7.812500000000000000e-02
-7.812500000000000000e-02
-8.300781250000000000e-02
-8.056640625000000000e-02
-8.056640625000000000e-02
-7.812500000000000000e-02
-7.812500000000000000e-02
-8.056640625000000000e-02
-8.056640625000000000e-02
-8.300781250000000000e-02
-8.300781250000000000e-02
-8.056640625000000000e-02
-8.056640625000000000e-02
-7.812500000000000000e-02
-7.812500000000000000e-02
-8.056640625000000000e-02
-8.056640625000000000e-02
-8.300781250000000000e-02
-8.300781250000000000e-02
-8.056640625000000000e-02
-8.300781250000000000e-02
-8.056640625000000000e-02
-7.812500000000000000e-02
-7.812500000000000000e-02
-8.056640625000000000e-02
-8.300781250000000000e-02
-8.300781250000000000e-02
-8.056640625000000000e-02
-8.056640625000000000e-02
-8.056640625000000000e-02
-8.056640625000000000e-02
-8.300781250000000000e-02
-8.056640625000000000e-02
-8.056640625000000000e-02
-8.056640625000000000e-02
-8.056640625000000000e-02
-8.300781250000000000e-02
-8.300781250000000000e-02
-8.056640625000000000e-02
-8.056640625000000000e-02
-8.056640625000000000e-02
-8.300781250000000000e-02
-8.056640625000000000e-02
-7.812500000000000000e-02
-8.056640625000000000e-02
-8.056640625000000000e-02
-8.056640625000000000e-02
-8.056640625000000000e-02
-8.300781250000000000e-02
-8.300781250000000000e-02
-8.056640625000000000e-02
-8.056640625000000000e-02
-8.056640625000000000e-02
-8.300781250000000000e-02
-8.544921875000000000e-02
-8.544921875000000000e-02
-8.300781250000000000e-02
-8.056640625000000000e-02
-8.056640625000000000e-02
-8.056640625000000000e-02
-8.544921875000000000e-02
-8.544921875000000000e-02
-8.300781250000000000e-02
-8.300781250000000000e-02
-8.300781250000000000e-02
-8.056640625000000000e-02
-8.056640625000000000e-02
-8.056640625000000000e-02
-8.300781250000000000e-02
-8.544921875000000000e-02
-8.544921875000000000e-02
-8.544921875000000000e-02
-8.300781250000000000e-02
-8.300781250000000000e-02
-8.300781250000000000e-02
-8.544921875000000000e-02
-8.789062500000000000e-02
-8.789062500000000000e-02
-8.544921875000000000e-02
-8.789062500000000000e-02
-8.544921875000000000e-02
-8.789062500000000000e-02
-8.789062500000000000e-02
-8.789062500000000000e-02
-8.544921875000000000e-02
-8.544921875000000000e-02
-8.300781250000000000e-02
-8.544921875000000000e-02
-8.544921875000000000e-02
-8.300781250000000000e-02
-8.544921875000000000e-02
-8.789062500000000000e-02
-8.789062500000000000e-02
-8.789062500000000000e-02
-8.789062500000000000e-02
-8.544921875000000000e-02
-8.300781250000000000e-02
-8.544921875000000000e-02
-8.544921875000000000e-02
-8.789062500000000000e-02
-8.789062500000000000e-02
-8.544921875000000000e-02
-8.544921875000000000e-02
-8.300781250000000000e-02
-8.789062500000000000e-02
-8.789062500000000000e-02
-9.033203125000000000e-02
-9.033203125000000000e-02
-8.544921875000000000e-02
-8.544921875000000000e-02
-8.544921875000000000e-02
-8.544921875000000000e-02
-8.300781250000000000e-02
-8.789062500000000000e-02
-8.789062500000000000e-02
-9.033203125000000000e-02
-9.033203125000000000e-02
-9.033203125000000000e-02
-8.789062500000000000e-02
-8.789062500000000000e-02
-8.789062500000000000e-02
-8.789062500000000000e-02
-8.789062500000000000e-02
-9.033203125000000000e-02
-9.033203125000000000e-02
-8.789062500000000000e-02
-8.789062500000000000e-02
-8.789062500000000000e-02
-9.033203125000000000e-02
-8.789062500000000000e-02
-8.544921875000000000e-02
-8.789062500000000000e-02
-8.789062500000000000e-02
-8.789062500000000000e-02
-8.789062500000000000e-02
-8.789062500000000000e-02
-8.544921875000000000e-02
-8.789062500000000000e-02
-9.033203125000000000e-02
-8.789062500000000000e-02
-9.033203125000000000e-02
-9.033203125000000000e-02
-8.789062500000000000e-02
-8.789062500000000000e-02
-8.544921875000000000e-02
-8.789062500000000000e-02
-9.033203125000000000e-02
-9.033203125000000000e-02
-9.277343750000000000e-02
-8.789062500000000000e-02
-8.789062500000000000e-02
-8.789062500000000000e-02
-8.544921875000000000e-02
-8.789062500000000000e-02
-9.033203125000000000e-02
-9.033203125000000000e-02
-8.789062500000000000e-02
-8.544921875000000000e-02
-8.789062500000000000e-02
-8.789062500000000000e-02
-9.033203125000000000e-02
-9.033203125000000000e-02
-9.033203125000000000e-02
-8.789062500000000000e-02
-8.789062500000000000e-02
-9.033203125000000000e-02
-9.277343750000000000e-02
-9.033203125000000000e-02
-9.033203125000000000e-02
-8.789062500000000000e-02
-9.033203125000000000e-02
-9.033203125000000000e-02
-9.033203125000000000e-02
-9.277343750000000000e-02
-9.033203125000000000e-02
-9.033203125000000000e-02
-8.789062500000000000e-02
-8.789062500000000000e-02
-9.033203125000000000e-02
-9.033203125000000000e-02
-8.789062500000000000e-02
-9.033203125000000000e-02
-9.277343750000000000e-02
-9.277343750000000000e-02
-9.277343750000000000e-02
-9.033203125000000000e-02
-9.277343750000000000e-02
-9.521484375000000000e-02
-9.521484375000000000e-02
-9.521484375000000000e-02
-9.521484375000000000e-02
-9.765625000000000000e-02
-9.521484375000000000e-02
-9.521484375000000000e-02
-9.277343750000000000e-02
-9.277343750000000000e-02
-9.033203125000000000e-02
-9.277343750000000000e-02
-9.277343750000000000e-02
-9.277343750000000000e-02
-9.277343750000000000e-02
-9.277343750000000000e-02
-9.277343750000000000e-02
-9.521484375000000000e-02
-9.521484375000000000e-02
-9.521484375000000000e-02
-1.000976562500000000e-01
-9.521484375000000000e-02
-9.277343750000000000e-02
-9.277343750000000000e-02
-9.521484375000000000e-02
-9.521484375000000000e-02
-9.521484375000000000e-02
-9.521484375000000000e-02
-9.277343750000000000e-02
-9.521484375000000000e-02
-9.765625000000000000e-02
-9.765625000000000000e-02
-9.765625000000000000e-02
-9.521484375000000000e-02
-9.277343750000000000e-02
-9.277343750000000000e-02
-9.277343750000000000e-02
-9.277343750000000000e-02
-9.521484375000000000e-02
-9.765625000000000000e-02
-9.765625000000000000e-02
-9.765625000000000000e-02
-9.765625000000000000e-02
-9.765625000000000000e-02
-9.765625000000000000e-02
-9.765625000000000000e-02
-9.765625000000000000e-02
-9.765625000000000000e-02
-9.765625000000000000e-02
-9.765625000000000000e-02
-9.765625000000000000e-02
-9.521484375000000000e-02
-9.521484375000000000e-02
-9.521484375000000000e-02
-1.000976562500000000e-01
-9.765625000000000000e-02
-1.000976562500000000e-01
-1.000976562500000000e-01
-1.000976562500000000e-01
-9.521484375000000000e-02
-9.521484375000000000e-02
-9.521484375000000000e-02
-9.521484375000000000e-02
-9.765625000000000000e-02
-1.025390625000000000e-01
-1.025390625000000000e-01
-1.025390625000000000e-01
-1.000976562500000000e-01
-1.000976562500000000e-01
-1.000976562500000000e-01
-9.765625000000000000e-02
-1.000976562500000000e-01
-1.025390625000000000e-01
-1.000976562500000000e-01
-9.765625000000000000e-02
-1.025390625000000000e-01
-1.000976562500000000e-01
-1.000976562500000000e-01
-1.000976562500000000e-01
-1.025390625000000000e-01
-1.025390625000000000e-01
-1.025390625000000000e-01
-1.000976562500000000e-01
-1.000976562500000000e-01
-1.025390625000000000e-01
-1.000976562500000000e-01
-1.025390625000000000e-01
-1.025390625000000000e-01
-1.049804687500000000e-01
-1.025390625000000000e-01
-1.025390625000000000e-01
-1.025390625000000000e-01
-1.049804687500000000e-01
-1.025390625000000000e-01
-1.000976562500000000e-01
-1.000976562500000000e-01
-1.000976562500000000e-01
-1.025390625000000000e-01
-1.025390625000000000e-01
-1.049804687500000000e-01
-1.025390625000000000e-01
-1.025390625000000000e-01
-1.025390625000000000e-01
-1.025390625000000000e-01
-1.025390625000000000e-01
-1.025390625000000000e-01
-1.025390625000000000e-01
-1.025390625000000000e-01
-1.049804687500000000e-01
-1.025390625000000000e-01
-1.049804687500000000e-01
-1.049804687500000000e-01
-1.025390625000000000e-01
-1.000976562500000000e-01
-1.025390625000000000e-01
-1.049804687500000000e-01
-1.025390625000000000e-01
-1.049804687500000000e-01
-1.049804687500000000e-01
-1.049804687500000000e-01
-1.025390625000000000e-01
-1.025390625000000000e-01
-1.025390625000000000e-01
-1.025390625000000000e-01
-1.025390625000000000e-01
-1.049804687500000000e-01
-1.049804687500000000e-01
-1.025390625000000000e-01
-1.025390625000000000e-01
-1.049804687500000000e-01
-1.049804687500000000e-01
-1.025390625000000000e-01
-1.074218750000000000e-01
-1.025390625000000000e-01
-1.025390625000000000e-01
-1.000976562500000000e-01
-1.025390625000000000e-01
-1.025390625000000000e-01
-1.049804687500000000e-01
-1.049804687500000000e-01
-1.049804687500000000e-01
-1.049804687500000000e-01
-1.049804687500000000e-01
-1.074218750000000000e-01
-1.074218750000000000e-01
-1.074218750000000000e-01
-1.049804687500000000e-01
-1.049804687500000000e-01
-1.049804687500000000e-01
-1.025390625000000000e-01
-1.049804687500000000e-01
-1.074218750000000000e-01
-1.074218750000000000e-01
-1.074218750000000000e-01
-1.098632812500000000e-01
-1.123046875000000000e-01
-1.074218750000000000e-01
-1.074218750000000000e-01
-1.074218750000000000e-01
-1.074218750000000000e-01
-1.074218750000000000e-01
-1.098632812500000000e-01
-1.098632812500000000e-01
-1.098632812500000000e-01
-1.123046875000000000e-01
-1.098632812500000000e-01
-1.074218750000000000e-01
-1.074218750000000000e-01
-1.049804687500000000e-01
-1.098632812500000000e-01
-1.171875000000000000e-01
-1.147460937500000000e-01
-1.147460937500000000e-01
-1.123046875000000000e-01
-1.098632812500000000e-01
-1.098632812500000000e-01
-1.098632812500000000e-01
-1.123046875000000000e-01
-1.147460937500000000e-01
-1.147460937500000000e-01
-1.098632812500000000e-01
-1.098632812500000000e-01
-1.098632812500000000e-01
-1.098632812500000000e-01
-1.098632812500000000e-01
-1.098632812500000000e-01
-1.123046875000000000e-01
-1.074218750000000000e-01
-1.098632812500000000e-01
-1.123046875000000000e-01
-1.098632812500000000e-01
-1.074218750000000000e-01
-1.123046875000000000e-01
-1.098632812500000000e-01
-1.074218750000000000e-01
-1.074218750000000000e-01
-1.098632812500000000e-01
-1.098632812500000000e-01
-1.123046875000000000e-01
-1.098632812500000000e-01
-1.123046875000000000e-01
-1.098632812500000000e-01
-1.098632812500000000e-01
-1.123046875000000000e-01
-1.098632812500000000e-01
-1.098632812500000000e-01
-1.123046875000000000e-01
-1.123046875000000000e-01
-1.123046875000000000e-01
-1.123046875000000000e-01
-1.098632812500000000e-01
-1.098632812500000000e-01
-1.074218750000000000e-01
-1.098632812500000000e-01
-1.123046875000000000e-01
-1.098632812500000000e-01
-1.123046875000000000e-01
-1.098632812500000000e-01
-1.098632812500000000e-01
-1.074218750000000000e-01
-1.098632812500000000e-01
-1.098632812500000000e-01
-1.098632812500000000e-01
-1.123046875000000000e-01
-1.098632812500000000e-01
-1.123046875000000000e-01
-1.123046875000000000e-01
-1.123046875000000000e-01
-1.147460937500000000e-01
-1.123046875000000000e-01
-1.123046875000000000e-01
-1.123046875000000000e-01
-1.123046875000000000e-01
-1.123046875000000000e-01
-1.123046875000000000e-01
-1.147460937500000000e-01
-1.098632812500000000e-01
-1.098632812500000000e-01
-1.098632812500000000e-01
-1.098632812500000000e-01
-1.123046875000000000e-01
-1.123046875000000000e-01
-1.123046875000000000e-01
-1.123046875000000000e-01
-1.123046875000000000e-01
-1.147460937500000000e-01
-1.123046875000000000e-01
-1.123046875000000000e-01
-1.147460937500000000e-01
-1.147460937500000000e-01
-1.123046875000000000e-01
-1.098632812500000000e-01
-1.123046875000000000e-01
-1.147460937500000000e-01
-1.147460937500000000e-01
-1.147460937500000000e-01
-1.123046875000000000e-01
-1.123046875000000000e-01
-1.123046875000000000e-01
-1.123046875000000000e-01
-1.171875000000000000e-01
-1.147460937500000000e-01
-1.147460937500000000e-01
-1.123046875000000000e-01
-1.147460937500000000e-01
-1.147460937500000000e-01
-1.147460937500000000e-01
-1.196289062500000000e-01
-1.196289062500000000e-01
-1.171875000000000000e-01
-1.171875000000000000e-01
-1.171875000000000000e-01
-1.171875000000000000e-01
-1.171875000000000000e-01
-1.171875000000000000e-01
-1.196289062500000000e-01
-1.171875000000000000e-01
-1.171875000000000000e-01
-1.171875000000000000e-01
-1.171875000000000000e-01
-1.196289062500000000e-01
-1.171875000000000000e-01
-1.171875000000000000e-01
-1.171875000000000000e-01
-1.147460937500000000e-01
-1.147460937500000000e-01
-1.171875000000000000e-01
-1.196289062500000000e-01
-1.196289062500000000e-01
-1.220703125000000000e-01
-1.196289062500000000e-01
-1.171875000000000000e-01
-1.171875000000000000e-01
-1.171875000000000000e-01
-1.171875000000000000e-01
-1.196289062500000000e-01
-1.196289062500000000e-01
-1.196289062500000000e-01
-1.196289062500000000e-01
-1.171875000000000000e-01
-1.171875000000000000e-01
-1.196289062500000000e-01
-1.171875000000000000e-01
-1.147460937500000000e-01
-1.171875000000000000e-01
-1.196289062500000000e-01
-1.171875000000000000e-01
-1.171875000000000000e-01
-1.171875000000000000e-01
-1.196289062500000000e-01
-1.196289062500000000e-01
-1.196289062500000000e-01
-1.171875000000000000e-01
-1.196289062500000000e-01
-1.196289062500000000e-01
-1.220703125000000000e-01
-1.171875000000000000e-01
-1.171875000000000000e-01
-1.196289062500000000e-01
-1.171875000000000000e-01
-1.196289062500000000e-01
-1.171875000000000000e-01
-1.171875000000000000e-01
-1.196289062500000000e-01
-1.196289062500000000e-01
-1.196289062500000000e-01
-1.220703125000000000e-01
-1.220703125000000000e-01
-1.220703125000000000e-01
-1.196289062500000000e-01
-1.196289062500000000e-01
-1.171875000000000000e-01
-1.171875000000000000e-01
-1.171875000000000000e-01
-1.196289062500000000e-01
-1.220703125000000000e-01
-1.220703125000000000e-01
-1.220703125000000000e-01
-1.171875000000000000e-01
-1.196289062500000000e-01
-1.220703125000000000e-01
-1.220703125000000000e-01
-1.196289062500000000e-01
-1.220703125000000000e-01
-1.220703125000000000e-01
-1.196289062500000000e-01
-1.171875000000000000e-01
-1.171875000000000000e-01
-1.171875000000000000e-01
-1.196289062500000000e-01
-1.220703125000000000e-01
-1.196289062500000000e-01
-1.196289062500000000e-01
-1.220703125000000000e-01
-1.220703125000000000e-01
-1.220703125000000000e-01
-1.220703125000000000e-01
-1.196289062500000000e-01
-1.220703125000000000e-01
-1.220703125000000000e-01
-1.220703125000000000e-01
-1.220703125000000000e-01
-1.220703125000000000e-01
-1.220703125000000000e-01
-1.196289062500000000e-01
-1.196289062500000000e-01
-1.220703125000000000e-01
-1.220703125000000000e-01
-1.220703125000000000e-01
-1.196289062500000000e-01
-1.220703125000000000e-01
-1.245117187500000000e-01
-1.220703125000000000e-01
-1.245117187500000000e-01
-1.220703125000000000e-01
-1.196289062500000000e-01
-1.196289062500000000e-01
-1.220703125000000000e-01
-1.220703125000000000e-01
-1.245117187500000000e-01
-1.220703125000000000e-01
-1.196289062500000000e-01
-1.220703125000000000e-01
-1.220703125000000000e-01
-1.245117187500000000e-01
-1.245117187500000000e-01
-1.245117187500000000e-01
-1.269531250000000000e-01
-1.269531250000000000e-01
-1.269531250000000000e-01
-1.269531250000000000e-01
-1.245117187500000000e-01
-1.245117187500000000e-01
-1.220703125000000000e-01
-1.220703125000000000e-01
-1.245117187500000000e-01
-1.269531250000000000e-01
-1.245117187500000000e-01
-1.245117187500000000e-01
-1.269531250000000000e-01
-1.245117187500000000e-01
-1.269531250000000000e-01
-1.245117187500000000e-01
-1.245117187500000000e-01
-1.269531250000000000e-01
-1.269531250000000000e-01
-1.269531250000000000e-01
-1.269531250000000000e-01
-1.245117187500000000e-01
-1.245117187500000000e-01
-1.245117187500000000e-01
-1.245117187500000000e-01
-1.269531250000000000e-01
-1.269531250000000000e-01
-1.269531250000000000e-01
-1.245117187500000000e-01
-1.269531250000000000e-01
-1.269531250000000000e-01
-1.245117187500000000e-01
-1.245117187500000000e-01
-1.269531250000000000e-01
-1.269531250000000000e-01
-1.269531250000000000e-01
-1.269531250000000000e-01
-1.245117187500000000e-01
-1.245117187500000000e-01
-1.245117187500000000e-01
-1.269531250000000000e-01
-1.269531250000000000e-01
-1.269531250000000000e-01
-1.269531250000000000e-01
-1.245117187500000000e-01
-1.245117187500000000e-01
-1.245117187500000000e-01
-1.269531250000000000e-01
-1.269531250000000000e-01
-1.269531250000000000e-01
-1.269531250000000000e-01
-1.245117187500000000e-01
-1.245117187500000000e-01
-1.245117187500000000e-01
-1.245117187500000000e-01
-1.269531250000000000e-01
-1.293945312500000000e-01
-1.269531250000000000e-01
-1.269531250000000000e-01
-1.269531250000000000e-01
-1.269531250000000000e-01
-1.293945312500000000e-01
-1.293945312500000000e-01
-1.293945312500000000e-01
-1.269531250000000000e-01
-1.269531250000000000e-01
-1.245117187500000000e-01
-1.245117187500000000e-01
-1.269531250000000000e-01
-1.269531250000000000e-01
-1.269531250000000000e-01
-1.245117187500000000e-01
-1.245117187500000000e-01
-1.269531250000000000e-01
-1.293945312500000000e-01
-1.293945312500000000e-01
-1.269531250000000000e-01
-1.269531250000000000e-01
-1.269531250000000000e-01
-1.293945312500000000e-01
-1.293945312500000000e-01
-1.318359375000000000e-01
-1.293945312500000000e-01
-1.269531250000000000e-01
-1.293945312500000000e-01
-1.293945312500000000e-01
-1.293945312500000000e-01
-1.293945312500000000e-01
-1.293945312500000000e-01
-1.293945312500000000e-01
-1.293945312500000000e-01
-1.293945312500000000e-01
-1.269531250000000000e-01
-1.293945312500000000e-01
-1.293945312500000000e-01
-1.269531250000000000e-01
-1.269531250000000000e-01
-1.293945312500000000e-01
-1.269531250000000000e-01
-1.269531250000000000e-01
-1.269531250000000000e-01
-1.269531250000000000e-01
-1.293945312500000000e-01
-1.293945312500000000e-01
-1.293945312500000000e-01
-1.293945312500000000e-01
-1.269531250000000000e-01
-1.269531250000000000e-01
-1.293945312500000000e-01
-1.293945312500000000e-01
-1.269531250000000000e-01
-1.269531250000000000e-01
-1.293945312500000000e-01
-1.318359375000000000e-01
-1.318359375000000000e-01
-1.293945312500000000e-01
-1.293945312500000000e-01
-1.293945312500000000e-01
-1.269531250000000000e-01
-1.293945312500000000e-01
-1.318359375000000000e-01
-1.293945312500000000e-01
-1.293945312500000000e-01
-1.293945312500000000e-01
-1.269531250000000000e-01
-1.318359375000000000e-01
-1.318359375000000000e-01
-1.318359375000000000e-01
-1.342773437500000000e-01
-1.293945312500000000e-01
-1.293945312500000000e-01
-1.293945312500000000e-01
-1.318359375000000000e-01
-1.293945312500000000e-01
-1.342773437500000000e-01
-1.293945312500000000e-01
-1.318359375000000000e-01
-1.318359375000000000e-01
-1.318359375000000000e-01
-1.342773437500000000e-01
-1.342773437500000000e-01
-1.318359375000000000e-01
-1.318359375000000000e-01
-1.342773437500000000e-01
-1.342773437500000000e-01
-1.342773437500000000e-01
-1.318359375000000000e-01
-1.342773437500000000e-01
-1.342773437500000000e-01
-1.318359375000000000e-01
-1.342773437500000000e-01
-1.367187500000000000e-01
-1.342773437500000000e-01
-1.342773437500000000e-01
-1.318359375000000000e-01
-1.342773437500000000e-01
-1.342773437500000000e-01
-1.367187500000000000e-01
-1.342773437500000000e-01
-1.318359375000000000e-01
-1.342773437500000000e-01
-1.367187500000000000e-01
-1.367187500000000000e-01
-1.367187500000000000e-01
-1.367187500000000000e-01
-1.342773437500000000e-01
-1.342773437500000000e-01
-1.318359375000000000e-01
-1.367187500000000000e-01
-1.342773437500000000e-01
-1.367187500000000000e-01
-1.391601562500000000e-01
-1.367187500000000000e-01
-1.342773437500000000e-01
-1.342773437500000000e-01
-1.367187500000000000e-01
-1.367187500000000000e-01
-1.367187500000000000e-01
-1.391601562500000000e-01
-1.367187500000000000e-01
-1.342773437500000000e-01
-1.342773437500000000e-01
-1.342773437500000000e-01
-1.342773437500000000e-01
-1.367187500000000000e-01
-1.367187500000000000e-01
-1.367187500000000000e-01
-1.342773437500000000e-01
-1.367187500000000000e-01
-1.342773437500000000e-01
-1.342773437500000000e-01
-1.391601562500000000e-01
-1.367187500000000000e-01
-1.367187500000000000e-01
-1.342773437500000000e-01
-1.391601562500000000e-01
-1.391601562500000000e-01
-1.367187500000000000e-01
-1.367187500000000000e-01
-1.367187500000000000e-01
-1.367187500000000000e-01
-1.367187500000000000e-01
-1.342773437500000000e-01
-1.367187500000000000e-01
-1.367187500000000000e-01
-1.367187500000000000e-01
-1.367187500000000000e-01
-1.367187500000000000e-01
-1.367187500000000000e-01
-1.367187500000000000e-01
-1.367187500000000000e-01
-1.391601562500000000e-01
-1.342773437500000000e-01
-1.367187500000000000e-01
-1.391601562500000000e-01
-1.391601562500000000e-01
-1.391601562500000000e-01
-1.391601562500000000e-01
-1.367187500000000000e-01
-1.391601562500000000e-01
-1.367187500000000000e-01
-1.391601562500000000e-01
-1.416015625000000000e-01
-1.391601562500000000e-01
-1.391601562500000000e-01
-1.391601562500000000e-01
-1.391601562500000000e-01
-1.416015625000000000e-01
-1.416015625000000000e-01
-1.416015625000000000e-01
-1.391601562500000000e-01
-1.367187500000000000e-01
-1.367187500000000000e-01
-1.367187500000000000e-01
-1.391601562500000000e-01
-1.391601562500000000e-01
-1.391601562500000000e-01
-1.391601562500000000e-01
-1.391601562500000000e-01
-1.416015625000000000e-01
-1.416015625000000000e-01
-1.416015625000000000e-01
-1.391601562500000000e-01
-1.367187500000000000e-01
-1.391601562500000000e-01
-1.416015625000000000e-01
-1.416015625000000000e-01
-1.391601562500000000e-01
-1.391601562500000000e-01
-1.391601562500000000e-01
-1.416015625000000000e-01
-1.416015625000000000e-01
-1.391601562500000000e-01
-1.416015625000000000e-01
-1.416015625000000000e-01
-1.416015625000000000e-01
-1.391601562500000000e-01
-1.391601562500000000e-01
-1.391601562500000000e-01
-1.391601562500000000e-01
-1.391601562500000000e-01
-1.416015625000000000e-01
-1.416015625000000000e-01
-1.440429687500000000e-01
-1.416015625000000000e-01
-1.416015625000000000e-01
-1.440429687500000000e-01
-1.440429687500000000e-01
-1.464843750000000000e-01
-1.416015625000000000e-01
-1.416015625000000000e-01
-1.391601562500000000e-01
-1.391601562500000000e-01
-1.440429687500000000e-01
-1.440429687500000000e-01
-1.464843750000000000e-01
-1.440429687500000000e-01
-1.416015625000000000e-01
-1.416015625000000000e-01
-1.416015625000000000e-01
-1.416015625000000000e-01
-1.391601562500000000e-01
-1.416015625000000000e-01
-1.440429687500000000e-01
-1.464843750000000000e-01
-1.440429687500000000e-01
-1.440429687500000000e-01
-1.440429687500000000e-01
-1.464843750000000000e-01
-1.464843750000000000e-01
-1.440429687500000000e-01
-1.440429687500000000e-01
-1.464843750000000000e-01
-1.464843750000000000e-01
-1.440429687500000000e-01
-1.440429687500000000e-01
-1.440429687500000000e-01
-1.464843750000000000e-01
-1.464843750000000000e-01
-1.464843750000000000e-01
-1.464843750000000000e-01
-1.464843750000000000e-01
-1.440429687500000000e-01
-1.416015625000000000e-01
-1.440429687500000000e-01
-1.464843750000000000e-01
-1.464843750000000000e-01
-1.489257812500000000e-01
-1.464843750000000000e-01
-1.440429687500000000e-01
-1.464843750000000000e-01
-1.464843750000000000e-01
-1.464843750000000000e-01
-1.489257812500000000e-01
-1.464843750000000000e-01
-1.440429687500000000e-01
-1.464843750000000000e-01
-1.464843750000000000e-01
-1.464843750000000000e-01
-1.464843750000000000e-01
-1.440429687500000000e-01
-1.440429687500000000e-01
-1.440429687500000000e-01
-1.464843750000000000e-01
-1.440429687500000000e-01
-1.440429687500000000e-01
-1.464843750000000000e-01
-1.464843750000000000e-01
-1.464843750000000000e-01
-1.464843750000000000e-01
-1.464843750000000000e-01
-1.489257812500000000e-01
-1.464843750000000000e-01
-1.440429687500000000e-01
-1.489257812500000000e-01
-1.489257812500000000e-01
-1.489257812500000000e-01
-1.464843750000000000e-01
-1.440429687500000000e-01
-1.464843750000000000e-01
-1.489257812500000000e-01
-1.464843750000000000e-01
-1.464843750000000000e-01
-1.464843750000000000e-01
-1.489257812500000000e-01
-1.464843750000000000e-01
-1.464843750000000000e-01
-1.489257812500000000e-01
-1.489257812500000000e-01
-1.489257812500000000e-01
-1.440429687500000000e-01
-1.464843750000000000e-01
-1.489257812500000000e-01
-1.489257812500000000e-01
-1.464843750000000000e-01
-1.464843750000000000e-01
-1.489257812500000000e-01
-1.489257812500000000e-01
-1.464843750000000000e-01
-1.489257812500000000e-01
-1.489257812500000000e-01
-1.489257812500000000e-01
-1.489257812500000000e-01
-1.489257812500000000e-01
-1.464843750000000000e-01
-1.464843750000000000e-01
-1.464843750000000000e-01
-1.464843750000000000e-01
-1.489257812500000000e-01
-1.513671875000000000e-01
-1.464843750000000000e-01
-1.464843750000000000e-01
-1.464843750000000000e-01
-1.464843750000000000e-01
-1.464843750000000000e-01
-1.464843750000000000e-01
-1.464843750000000000e-01
-1.489257812500000000e-01
-1.489257812500000000e-01
-1.489257812500000000e-01
-1.489257812500000000e-01
-1.489257812500000000e-01
-1.464843750000000000e-01
-1.464843750000000000e-01
-1.489257812500000000e-01
-1.489257812500000000e-01
-1.489257812500000000e-01
-1.489257812500000000e-01
-1.513671875000000000e-01
-1.513671875000000000e-01
-1.489257812500000000e-01
-1.464843750000000000e-01
-1.464843750000000000e-01
-1.464843750000000000e-01
-1.513671875000000000e-01
-1.513671875000000000e-01
-1.538085937500000000e-01
-1.513671875000000000e-01
-1.513671875000000000e-01
-1.513671875000000000e-01
-1.538085937500000000e-01
-1.489257812500000000e-01
-1.513671875000000000e-01
-1.513671875000000000e-01
-1.513671875000000000e-01
-1.538085937500000000e-01
-1.513671875000000000e-01
-1.513671875000000000e-01
-1.513671875000000000e-01
-1.538085937500000000e-01
-1.538085937500000000e-01
-1.538085937500000000e-01
-1.538085937500000000e-01
-1.513671875000000000e-01
-1.513671875000000000e-01
-1.538085937500000000e-01
-1.538085937500000000e-01
-1.538085937500000000e-01
-1.538085937500000000e-01
-1.513671875000000000e-01
-1.513671875000000000e-01
-1.538085937500000000e-01
-1.538085937500000000e-01
-1.513671875000000000e-01
-1.513671875000000000e-01
-1.513671875000000000e-01
-1.538085937500000000e-01
-1.562500000000000000e-01
-1.538085937500000000e-01
-1.538085937500000000e-01
-1.513671875000000000e-01
-1.513671875000000000e-01
-1.538085937500000000e-01
-1.562500000000000000e-01
-1.538085937500000000e-01
-1.562500000000000000e-01
-1.538085937500000000e-01
-1.538085937500000000e-01
-1.513671875000000000e-01
-1.562500000000000000e-01
-1.562500000000000000e-01
-1.562500000000000000e-01
-1.538085937500000000e-01
-1.538085937500000000e-01
-1.538085937500000000e-01
-1.538085937500000000e-01
-1.538085937500000000e-01
-1.538085937500000000e-01
-1.562500000000000000e-01
-1.513671875000000000e-01
-1.538085937500000000e-01
-1.538085937500000000e-01
-1.562500000000000000e-01
-1.562500000000000000e-01
-1.562500000000000000e-01
-1.538085937500000000e-01
-1.538085937500000000e-01
-1.513671875000000000e-01
-1.538085937500000000e-01
-1.538085937500000000e-01
-1.538085937500000000e-01
-1.538085937500000000e-01
-1.538085937500000000e-01
-1.562500000000000000e-01
-1.562500000000000000e-01
-1.562500000000000000e-01
-1.562500000000000000e-01
-1.562500000000000000e-01
-1.538085937500000000e-01
-1.538085937500000000e-01
-1.562500000000000000e-01
-1.562500000000000000e-01
-1.562500000000000000e-01
-1.513671875000000000e-01
-1.538085937500000000e-01
-1.538085937500000000e-01
-1.562500000000000000e-01
-1.562500000000000000e-01
-1.586914062500000000e-01
-1.586914062500000000e-01
-1.562500000000000000e-01
-1.538085937500000000e-01
-1.538085937500000000e-01
-1.538085937500000000e-01
-1.562500000000000000e-01
-1.538085937500000000e-01
-1.538085937500000000e-01
-1.562500000000000000e-01
-1.586914062500000000e-01
-1.611328125000000000e-01
-1.586914062500000000e-01
-1.562500000000000000e-01
-1.538085937500000000e-01
-1.538085937500000000e-01
-1.562500000000000000e-01
-1.562500000000000000e-01
-1.562500000000000000e-01
-1.538085937500000000e-01
-1.562500000000000000e-01
-1.538085937500000000e-01
-1.538085937500000000e-01
-1.538085937500000000e-01
-1.562500000000000000e-01
-1.562500000000000000e-01
-1.538085937500000000e-01
-1.538085937500000000e-01
-1.562500000000000000e-01
-1.538085937500000000e-01
-1.562500000000000000e-01
-1.562500000000000000e-01
-1.562500000000000000e-01
-1.562500000000000000e-01
-1.586914062500000000e-01
-1.562500000000000000e-01
-1.562500000000000000e-01
-1.538085937500000000e-01
-1.586914062500000000e-01
-1.562500000000000000e-01
-1.586914062500000000e-01
-1.611328125000000000e-01
-1.586914062500000000e-01
-1.611328125000000000e-01
-1.611328125000000000e-01
-1.586914062500000000e-01
-1.538085937500000000e-01
-1.562500000000000000e-01
-1.562500000000000000e-01
-1.562500000000000000e-01
-1.562500000000000000e-01
-1.562500000000000000e-01
-1.586914062500000000e-01
-1.562500000000000000e-01
-1.562500000000000000e-01
-1.586914062500000000e-01
-1.586914062500000000e-01
-1.611328125000000000e-01
-1.635742187500000000e-01
-1.611328125000000000e-01
-1.611328125000000000e-01
-1.586914062500000000e-01
-1.562500000000000000e-01
-1.586914062500000000e-01
-1.611328125000000000e-01
-1.611328125000000000e-01
-1.611328125000000000e-01
-1.586914062500000000e-01
-1.586914062500000000e-01
-1.611328125000000000e-01
-1.586914062500000000e-01
-1.586914062500000000e-01
-1.586914062500000000e-01
-1.586914062500000000e-01
-1.611328125000000000e-01
-1.635742187500000000e-01
-1.635742187500000000e-01
-1.660156250000000000e-01
-1.635742187500000000e-01
-1.611328125000000000e-01
-1.611328125000000000e-01
-1.611328125000000000e-01
-1.635742187500000000e-01
-1.611328125000000000e-01
-1.611328125000000000e-01
-1.611328125000000000e-01
-1.611328125000000000e-01
-1.635742187500000000e-01
-1.611328125000000000e-01
-1.635742187500000000e-01
-1.611328125000000000e-01
-1.611328125000000000e-01
-1.635742187500000000e-01
-1.611328125000000000e-01
-1.586914062500000000e-01
-1.611328125000000000e-01
-1.635742187500000000e-01
-1.635742187500000000e-01
-1.611328125000000000e-01
-1.611328125000000000e-01
-1.635742187500000000e-01
-1.611328125000000000e-01
-1.611328125000000000e-01
-1.611328125000000000e-01
-1.635742187500000000e-01
-1.635742187500000000e-01
-1.635742187500000000e-01
-1.660156250000000000e-01
-1.660156250000000000e-01
-1.611328125000000000e-01
-1.611328125000000000e-01
-1.635742187500000000e-01
-1.635742187500000000e-01
-1.660156250000000000e-01
-1.635742187500000000e-01
-1.611328125000000000e-01
-1.611328125000000000e-01
-1.611328125000000000e-01
-1.635742187500000000e-01
-1.635742187500000000e-01
-1.660156250000000000e-01
-1.660156250000000000e-01
-1.635742187500000000e-01
-1.635742187500000000e-01
-1.611328125000000000e-01
-1.611328125000000000e-01
-1.635742187500000000e-01
-1.660156250000000000e-01
-1.660156250000000000e-01
-1.660156250000000000e-01
-1.635742187500000000e-01
-1.635742187500000000e-01
-1.635742187500000000e-01
-1.635742187500000000e-01
-1.660156250000000000e-01
-1.660156250000000000e-01
-1.635742187500000000e-01
-1.635742187500000000e-01
-1.611328125000000000e-01
-1.635742187500000000e-01
-1.660156250000000000e-01
-1.684570312500000000e-01
-1.660156250000000000e-01
-1.660156250000000000e-01
-1.660156250000000000e-01
-1.684570312500000000e-01
-1.708984375000000000e-01
-1.708984375000000000e-01
-1.708984375000000000e-01
-1.708984375000000000e-01
-1.708984375000000000e-01
-1.684570312500000000e-01
-1.684570312500000000e-01
-1.660156250000000000e-01
-1.660156250000000000e-01
-1.684570312500000000e-01
-1.684570312500000000e-01
-1.708984375000000000e-01
-1.684570312500000000e-01
-1.684570312500000000e-01
-1.660156250000000000e-01
-1.684570312500000000e-01
-1.684570312500000000e-01
-1.708984375000000000e-01
-1.708984375000000000e-01
-1.708984375000000000e-01
-1.684570312500000000e-01
-1.660156250000000000e-01
-1.684570312500000000e-01
-1.684570312500000000e-01
-1.708984375000000000e-01
-1.708984375000000000e-01
-1.684570312500000000e-01
-1.684570312500000000e-01
-1.684570312500000000e-01
-1.684570312500000000e-01
-1.708984375000000000e-01
-1.708984375000000000e-01
-1.708984375000000000e-01
-1.708984375000000000e-01
-1.708984375000000000e-01
-1.660156250000000000e-01
-1.660156250000000000e-01
-1.660156250000000000e-01
-1.708984375000000000e-01
-1.708984375000000000e-01
-1.733398437500000000e-01
-1.733398437500000000e-01
-1.708984375000000000e-01
-1.684570312500000000e-01
-1.684570312500000000e-01
-1.684570312500000000e-01
-1.733398437500000000e-01
-1.708984375000000000e-01
-1.708984375000000000e-01
-1.684570312500000000e-01
-1.684570312500000000e-01
-1.708984375000000000e-01
-1.708984375000000000e-01
-1.733398437500000000e-01
-1.708984375000000000e-01
-1.708984375000000000e-01
-1.708984375000000000e-01
-1.684570312500000000e-01
-1.684570312500000000e-01
-1.733398437500000000e-01
-1.708984375000000000e-01
-1.733398437500000000e-01
-1.708984375000000000e-01
-1.708984375000000000e-01
-1.708984375000000000e-01
-1.733398437500000000e-01
-1.708984375000000000e-01
-1.733398437500000000e-01
-1.733398437500000000e-01
-1.684570312500000000e-01
-1.684570312500000000e-01
-1.684570312500000000e-01
-1.708984375000000000e-01
-1.733398437500000000e-01
-1.733398437500000000e-01
-1.708984375000000000e-01
-1.708984375000000000e-01
-1.684570312500000000e-01
-1.708984375000000000e-01
-1.708984375000000000e-01
-1.733398437500000000e-01
-1.733398437500000000e-01
-1.708984375000000000e-01
-1.733398437500000000e-01
-1.733398437500000000e-01
-1.733398437500000000e-01
-1.733398437500000000e-01
-1.733398437500000000e-01
-1.733398437500000000e-01
-1.733398437500000000e-01
-1.708984375000000000e-01
-1.708984375000000000e-01
-1.733398437500000000e-01
-1.733398437500000000e-01
-1.708984375000000000e-01
-1.708984375000000000e-01
-1.733398437500000000e-01
-1.708984375000000000e-01
-1.733398437500000000e-01
-1.733398437500000000e-01
-1.708984375000000000e-01
-1.733398437500000000e-01
-1.708984375000000000e-01
-1.708984375000000000e-01
-1.733398437500000000e-01
-1.733398437500000000e-01
-1.733398437500000000e-01
-1.757812500000000000e-01
-1.733398437500000000e-01
-1.757812500000000000e-01
-1.733398437500000000e-01
-1.757812500000000000e-01
-1.782226562500000000e-01
-1.757812500000000000e-01
-1.757812500000000000e-01
-1.757812500000000000e-01
-1.757812500000000000e-01
-1.757812500000000000e-01
-1.757812500000000000e-01
-1.782226562500000000e-01
-1.782226562500000000e-01
-1.782226562500000000e-01
-1.757812500000000000e-01
-1.733398437500000000e-01
-1.757812500000000000e-01
-1.782226562500000000e-01
-1.757812500000000000e-01
-1.757812500000000000e-01
-1.757812500000000000e-01
-1.782226562500000000e-01
-1.782226562500000000e-01
-1.782226562500000000e-01
-1.757812500000000000e-01
-1.782226562500000000e-01
-1.757812500000000000e-01
-1.757812500000000000e-01
-1.757812500000000000e-01
-1.757812500000000000e-01
-1.782226562500000000e-01
-1.782226562500000000e-01
-1.757812500000000000e-01
-1.757812500000000000e-01
-1.782226562500000000e-01
-1.782226562500000000e-01
-1.757812500000000000e-01
-1.757812500000000000e-01
-1.733398437500000000e-01
-1.757812500000000000e-01
-1.782226562500000000e-01
-1.782226562500000000e-01
-1.806640625000000000e-01
-1.806640625000000000e-01
-1.806640625000000000e-01
-1.806640625000000000e-01
-1.782226562500000000e-01
-1.782226562500000000e-01
-1.757812500000000000e-01
-1.806640625000000000e-01
-1.806640625000000000e-01
-1.782226562500000000e-01
-1.757812500000000000e-01
-1.782226562500000000e-01
-1.806640625000000000e-01
-1.806640625000000000e-01
-1.757812500000000000e-01
-1.782226562500000000e-01
-1.782226562500000000e-01
-1.782226562500000000e-01
-1.806640625000000000e-01
-1.782226562500000000e-01
-1.757812500000000000e-01
-1.782226562500000000e-01
-1.757812500000000000e-01
-1.782226562500000000e-01
-1.782226562500000000e-01
-1.806640625000000000e-01
-1.806640625000000000e-01
-1.782226562500000000e-01
-1.782226562500000000e-01
-1.782226562500000000e-01
-1.806640625000000000e-01
-1.782226562500000000e-01
-1.757812500000000000e-01
-1.782226562500000000e-01
-1.782226562500000000e-01
-1.782226562500000000e-01
-1.806640625000000000e-01
-1.806640625000000000e-01
-1.806640625000000000e-01
-1.782226562500000000e-01
-1.782226562500000000e-01
-1.757812500000000000e-01
-1.782226562500000000e-01
-1.806640625000000000e-01
-1.806640625000000000e-01
-1.831054687500000000e-01
-1.806640625000000000e-01
-1.782226562500000000e-01
-1.806640625000000000e-01
-1.806640625000000000e-01
-1.806640625000000000e-01
-1.806640625000000000e-01
-1.806640625000000000e-01
-1.757812500000000000e-01
-1.782226562500000000e-01
-1.806640625000000000e-01
-1.806640625000000000e-01
-1.831054687500000000e-01
-1.806640625000000000e-01
-1.782226562500000000e-01
-1.782226562500000000e-01
-1.757812500000000000e-01
-1.757812500000000000e-01
-1.782226562500000000e-01
-1.806640625000000000e-01
-1.806640625000000000e-01
-1.831054687500000000e-01
-1.831054687500000000e-01
-1.806640625000000000e-01
-1.782226562500000000e-01
-1.782226562500000000e-01
-1.806640625000000000e-01
-1.806640625000000000e-01
-1.782226562500000000e-01
-1.806640625000000000e-01
-1.806640625000000000e-01
-1.806640625000000000e-01
-1.806640625000000000e-01
-1.806640625000000000e-01
-1.806640625000000000e-01
-1.806640625000000000e-01
-1.806640625000000000e-01
-1.806640625000000000e-01
-1.782226562500000000e-01
-1.806640625000000000e-01
-1.806640625000000000e-01
-1.782226562500000000e-01
-1.782226562500000000e-01
-1.782226562500000000e-01
-1.806640625000000000e-01
-1.806640625000000000e-01
-1.831054687500000000e-01
-1.806640625000000000e-01
-1.782226562500000000e-01
-1.782226562500000000e-01
-1.782226562500000000e-01
-1.806640625000000000e-01
-1.831054687500000000e-01
-1.806640625000000000e-01
-1.806640625000000000e-01
-1.806640625000000000e-01
-1.806640625000000000e-01
-1.806640625000000000e-01
-1.806640625000000000e-01
-1.806640625000000000e-01
-1.782226562500000000e-01
-1.806640625000000000e-01
-1.806640625000000000e-01
-1.806640625000000000e-01
-1.782226562500000000e-01
-1.806640625000000000e-01
-1.806640625000000000e-01
-1.806640625000000000e-01
-1.831054687500000000e-01
-1.831054687500000000e-01
-1.806640625000000000e-01
-1.831054687500000000e-01
-1.831054687500000000e-01
-1.855468750000000000e-01
-1.855468750000000000e-01
-1.855468750000000000e-01
-1.855468750000000000e-01
-1.855468750000000000e-01
-1.831054687500000000e-01
-1.855468750000000000e-01
-1.855468750000000000e-01
-1.855468750000000000e-01
-1.855468750000000000e-01
-1.831054687500000000e-01
-1.831054687500000000e-01
-1.806640625000000000e-01
-1.855468750000000000e-01
-1.855468750000000000e-01
-1.855468750000000000e-01
-1.879882812500000000e-01
-1.879882812500000000e-01
-1.831054687500000000e-01
-1.831054687500000000e-01
-1.831054687500000000e-01
-1.879882812500000000e-01
-1.855468750000000000e-01
-1.855468750000000000e-01
-1.831054687500000000e-01
-1.855468750000000000e-01
-1.855468750000000000e-01
-1.855468750000000000e-01
-1.855468750000000000e-01
-1.855468750000000000e-01
-1.855468750000000000e-01
-1.855468750000000000e-01
-1.831054687500000000e-01
-1.831054687500000000e-01
-1.831054687500000000e-01
-1.855468750000000000e-01
-1.831054687500000000e-01
-1.831054687500000000e-01
-1.855468750000000000e-01
-1.879882812500000000e-01
-1.879882812500000000e-01
-1.855468750000000000e-01
-1.855468750000000000e-01
-1.855468750000000000e-01
-1.855468750000000000e-01
-1.806640625000000000e-01
-1.855468750000000000e-01
-1.855468750000000000e-01
-1.855468750000000000e-01
-1.855468750000000000e-01
-1.855468750000000000e-01
-1.855468750000000000e-01
-1.855468750000000000e-01
-1.855468750000000000e-01
-1.855468750000000000e-01
-1.831054687500000000e-01
-1.855468750000000000e-01
-1.831054687500000000e-01
-1.855468750000000000e-01
-1.855468750000000000e-01
-1.855468750000000000e-01
-1.855468750000000000e-01
-1.855468750000000000e-01
-1.855468750000000000e-01
-1.855468750000000000e-01
-1.855468750000000000e-01
-1.879882812500000000e-01
-1.855468750000000000e-01
-1.855468750000000000e-01
-1.831054687500000000e-01
-1.855468750000000000e-01
-1.855468750000000000e-01
-1.855468750000000000e-01
-1.855468750000000000e-01
-1.855468750000000000e-01
-1.855468750000000000e-01
-1.855468750000000000e-01
-1.831054687500000000e-01
-1.831054687500000000e-01
-1.855468750000000000e-01
-1.879882812500000000e-01
-1.879882812500000000e-01
-1.904296875000000000e-01
-1.879882812500000000e-01
-1.855468750000000000e-01
-1.879882812500000000e-01
-1.879882812500000000e-01
-1.879882812500000000e-01
-1.879882812500000000e-01
-1.879882812500000000e-01
-1.879882812500000000e-01
-1.879882812500000000e-01
-1.879882812500000000e-01
-1.879882812500000000e-01
-1.855468750000000000e-01
-1.879882812500000000e-01
-1.855468750000000000e-01
-1.831054687500000000e-01
-1.855468750000000000e-01
-1.855468750000000000e-01
-1.831054687500000000e-01
-1.831054687500000000e-01
-1.855468750000000000e-01
-1.879882812500000000e-01
-1.879882812500000000e-01
-1.904296875000000000e-01
-1.904296875000000000e-01
-1.879882812500000000e-01
-1.879882812500000000e-01
-1.855468750000000000e-01
-1.855468750000000000e-01
-1.855468750000000000e-01
-1.855468750000000000e-01
-1.855468750000000000e-01
-1.879882812500000000e-01
-1.879882812500000000e-01
-1.879882812500000000e-01
-1.855468750000000000e-01
-1.879882812500000000e-01
-1.879882812500000000e-01
-1.855468750000000000e-01
-1.855468750000000000e-01
-1.855468750000000000e-01
-1.879882812500000000e-01
-1.879882812500000000e-01
-1.879882812500000000e-01
-1.879882812500000000e-01
-1.879882812500000000e-01
-1.904296875000000000e-01
-1.879882812500000000e-01
-1.904296875000000000e-01
-1.879882812500000000e-01
-1.879882812500000000e-01
-1.879882812500000000e-01
-1.855468750000000000e-01
-1.879882812500000000e-01
-1.904296875000000000e-01
-1.928710937500000000e-01
-1.904296875000000000e-01
-1.879882812500000000e-01
-1.904296875000000000e-01
-1.879882812500000000e-01
-1.928710937500000000e-01
-1.879882812500000000e-01
-1.855468750000000000e-01
-1.879882812500000000e-01
-1.879882812500000000e-01
-1.904296875000000000e-01
-1.879882812500000000e-01
-1.928710937500000000e-01
-1.879882812500000000e-01
-1.879882812500000000e-01
-1.855468750000000000e-01
-1.879882812500000000e-01
-1.879882812500000000e-01
-1.904296875000000000e-01
-1.904296875000000000e-01
-1.879882812500000000e-01
-1.879882812500000000e-01
-1.904296875000000000e-01
-1.879882812500000000e-01
-1.904296875000000000e-01
-1.904296875000000000e-01
-1.928710937500000000e-01
-1.928710937500000000e-01
-1.928710937500000000e-01
-1.904296875000000000e-01
-1.904296875000000000e-01
-1.904296875000000000e-01
-1.904296875000000000e-01
-1.928710937500000000e-01
-1.928710937500000000e-01
-1.928710937500000000e-01
-1.928710937500000000e-01
-1.904296875000000000e-01
-1.904296875000000000e-01
-1.904296875000000000e-01
-1.928710937500000000e-01
-1.928710937500000000e-01
-1.953125000000000000e-01
-1.928710937500000000e-01
-1.904296875000000000e-01
-1.904296875000000000e-01
-1.904296875000000000e-01
-1.904296875000000000e-01
-1.953125000000000000e-01
-1.953125000000000000e-01
-1.928710937500000000e-01
-1.928710937500000000e-01
-1.928710937500000000e-01
-1.904296875000000000e-01
-1.928710937500000000e-01
-1.928710937500000000e-01
-1.953125000000000000e-01
-1.953125000000000000e-01
-1.953125000000000000e-01
-1.928710937500000000e-01
-1.904296875000000000e-01
-1.904296875000000000e-01
-1.928710937500000000e-01
-1.928710937500000000e-01
-1.928710937500000000e-01
-1.953125000000000000e-01
-1.953125000000000000e-01
-1.928710937500000000e-01
-1.904296875000000000e-01
-1.928710937500000000e-01
-1.953125000000000000e-01
-1.928710937500000000e-01
-1.928710937500000000e-01
-1.928710937500000000e-01
-1.928710937500000000e-01
-1.953125000000000000e-01
-1.953125000000000000e-01
-1.953125000000000000e-01
-1.953125000000000000e-01
-1.953125000000000000e-01
-1.928710937500000000e-01
-1.928710937500000000e-01
-1.928710937500000000e-01
-1.928710937500000000e-01
-1.953125000000000000e-01
-1.928710937500000000e-01
-1.953125000000000000e-01
-1.904296875000000000e-01
-1.953125000000000000e-01
-1.953125000000000000e-01
-1.928710937500000000e-01
-1.928710937500000000e-01
-1.953125000000000000e-01
-1.977539062500000000e-01
-1.977539062500000000e-01
-1.953125000000000000e-01
-1.928710937500000000e-01
-1.953125000000000000e-01
-1.928710937500000000e-01
-1.928710937500000000e-01
-1.977539062500000000e-01
-1.953125000000000000e-01
-1.953125000000000000e-01
-1.953125000000000000e-01
-1.977539062500000000e-01
-1.977539062500000000e-01
-1.953125000000000000e-01
-1.928710937500000000e-01
-1.953125000000000000e-01
-1.953125000000000000e-01
-1.953125000000000000e-01
-1.928710937500000000e-01
-1.928710937500000000e-01
-1.953125000000000000e-01
-1.953125000000000000e-01
-1.953125000000000000e-01
-1.953125000000000000e-01
-1.953125000000000000e-01
-1.953125000000000000e-01
-1.928710937500000000e-01
-1.928710937500000000e-01
-1.953125000000000000e-01
-1.953125000000000000e-01
-1.977539062500000000e-01
-1.953125000000000000e-01
-1.953125000000000000e-01
-1.953125000000000000e-01
-1.928710937500000000e-01
-1.953125000000000000e-01
-2.001953125000000000e-01
-1.977539062500000000e-01
-1.977539062500000000e-01
-1.953125000000000000e-01
-1.953125000000000000e-01
-1.953125000000000000e-01
-1.977539062500000000e-01
-1.977539062500000000e-01
-1.953125000000000000e-01
-1.953125000000000000e-01
-1.928710937500000000e-01
-1.928710937500000000e-01
-1.953125000000000000e-01
-1.953125000000000000e-01
-1.953125000000000000e-01
-1.977539062500000000e-01
-1.977539062500000000e-01
-1.953125000000000000e-01
-1.953125000000000000e-01
-1.953125000000000000e-01
-1.977539062500000000e-01
-1.953125000000000000e-01
-1.953125000000000000e-01
-1.977539062500000000e-01
-1.977539062500000000e-01
-1.953125000000000000e-01
-1.953125000000000000e-01
-1.977539062500000000e-01
-1.953125000000000000e-01
-1.953125000000000000e-01
-1.953125000000000000e-01
-1.928710937500000000e-01
-1.953125000000000000e-01
-1.977539062500000000e-01
-1.953125000000000000e-01
-1.953125000000000000e-01
-1.977539062500000000e-01
-1.977539062500000000e-01
-1.977539062500000000e-01
-2.001953125000000000e-01
-1.977539062500000000e-01
-1.977539062500000000e-01
-1.977539062500000000e-01
-2.026367187500000000e-01
-2.001953125000000000e-01
-2.001953125000000000e-01
-1.977539062500000000e-01
-1.977539062500000000e-01
-2.001953125000000000e-01
-1.977539062500000000e-01
-1.953125000000000000e-01
-1.977539062500000000e-01
-2.001953125000000000e-01
-2.001953125000000000e-01
-2.001953125000000000e-01
-1.977539062500000000e-01
-1.953125000000000000e-01
-1.953125000000000000e-01
-1.977539062500000000e-01
-2.001953125000000000e-01
-2.026367187500000000e-01
-2.001953125000000000e-01
-1.977539062500000000e-01
-1.977539062500000000e-01
-1.953125000000000000e-01
-1.977539062500000000e-01
-2.001953125000000000e-01
-2.026367187500000000e-01
-2.001953125000000000e-01
-2.001953125000000000e-01
-1.977539062500000000e-01
-2.001953125000000000e-01
-2.001953125000000000e-01
-2.001953125000000000e-01
-2.001953125000000000e-01
-2.001953125000000000e-01
-1.977539062500000000e-01
-2.001953125000000000e-01
-2.001953125000000000e-01
-2.001953125000000000e-01
-2.026367187500000000e-01
-2.026367187500000000e-01
-2.026367187500000000e-01
-2.050781250000000000e-01
-2.026367187500000000e-01
-2.001953125000000000e-01
-2.001953125000000000e-01
-2.026367187500000000e-01
-2.026367187500000000e-01
-2.001953125000000000e-01
-2.001953125000000000e-01
-2.026367187500000000e-01
-2.026367187500000000e-01
-2.026367187500000000e-01
-2.001953125000000000e-01
-2.001953125000000000e-01
-2.026367187500000000e-01
-2.026367187500000000e-01
-2.001953125000000000e-01
-2.001953125000000000e-01
-2.001953125000000000e-01
-2.001953125000000000e-01
-2.001953125000000000e-01
-2.026367187500000000e-01
-2.026367187500000000e-01
-2.026367187500000000e-01
-2.001953125000000000e-01
-2.001953125000000000e-01
-2.001953125000000000e-01
-2.026367187500000000e-01
-2.026367187500000000e-01
-2.001953125000000000e-01
-2.001953125000000000e-01
-2.026367187500000000e-01
-2.026367187500000000e-01
-2.001953125000000000e-01
-2.001953125000000000e-01
-2.001953125000000000e-01
-2.001953125000000000e-01
-2.001953125000000000e-01
-2.001953125000000000e-01
-2.050781250000000000e-01
-2.026367187500000000e-01
-2.001953125000000000e-01
-2.026367187500000000e-01
-2.026367187500000000e-01
-2.050781250000000000e-01
-2.050781250000000000e-01
-2.026367187500000000e-01
-2.026367187500000000e-01
-2.026367187500000000e-01
-2.001953125000000000e-01
-2.026367187500000000e-01
-2.026367187500000000e-01
-2.026367187500000000e-01
-2.050781250000000000e-01
-2.026367187500000000e-01
-2.001953125000000000e-01
-2.001953125000000000e-01
-2.026367187500000000e-01
-2.026367187500000000e-01
-2.026367187500000000e-01
-2.050781250000000000e-01
-2.026367187500000000e-01
-2.026367187500000000e-01
-2.001953125000000000e-01
-2.001953125000000000e-01
-2.026367187500000000e-01
-2.026367187500000000e-01
-2.026367187500000000e-01
-2.001953125000000000e-01
-2.026367187500000000e-01
-2.050781250000000000e-01
-2.026367187500000000e-01
-2.026367187500000000e-01
-2.026367187500000000e-01
-2.026367187500000000e-01
-2.026367187500000000e-01
-2.001953125000000000e-01
-2.026367187500000000e-01
-2.026367187500000000e-01
-2.050781250000000000e-01
-2.026367187500000000e-01
-2.026367187500000000e-01
-2.026367187500000000e-01
-2.050781250000000000e-01
-2.026367187500000000e-01
-2.001953125000000000e-01
-2.001953125000000000e-01
-2.026367187500000000e-01
-2.050781250000000000e-01
-2.050781250000000000e-01
-2.026367187500000000e-01
-2.026367187500000000e-01
-2.075195312500000000e-01
-2.050781250000000000e-01
-2.050781250000000000e-01
-2.026367187500000000e-01
-2.026367187500000000e-01
-2.026367187500000000e-01
-2.050781250000000000e-01
-2.050781250000000000e-01
-2.026367187500000000e-01
-2.050781250000000000e-01
-2.050781250000000000e-01
-2.050781250000000000e-01
-2.026367187500000000e-01
-2.026367187500000000e-01
-2.050781250000000000e-01
-2.026367187500000000e-01
-2.001953125000000000e-01
-2.001953125000000000e-01
-2.001953125000000000e-01
-2.026367187500000000e-01
-2.026367187500000000e-01
-2.050781250000000000e-01
-2.050781250000000000e-01
-2.026367187500000000e-01
-2.001953125000000000e-01
-2.026367187500000000e-01
-2.026367187500000000e-01
-2.026367187500000000e-01
-2.050781250000000000e-01
-2.050781250000000000e-01
-2.050781250000000000e-01
-2.026367187500000000e-01
-2.026367187500000000e-01
-2.001953125000000000e-01
-2.001953125000000000e-01
-2.050781250000000000e-01
-2.026367187500000000e-01
-2.050781250000000000e-01
-2.026367187500000000e-01
-2.026367187500000000e-01
-2.026367187500000000e-01
-2.026367187500000000e-01
-2.050781250000000000e-01
-2.050781250000000000e-01
-2.050781250000000000e-01
-2.075195312500000000e-01
-2.050781250000000000e-01
-2.026367187500000000e-01
-2.001953125000000000e-01
-2.050781250000000000e-01
-2.050781250000000000e-01
-2.075195312500000000e-01
-2.050781250000000000e-01
-2.026367187500000000e-01
-2.050781250000000000e-01
-2.050781250000000000e-01
-2.050781250000000000e-01
-2.050781250000000000e-01
-2.026367187500000000e-01
-2.026367187500000000e-01
-2.026367187500000000e-01
-2.026367187500000000e-01
-2.001953125000000000e-01
-2.050781250000000000e-01
-2.050781250000000000e-01
-2.075195312500000000e-01
-2.050781250000000000e-01
-2.050781250000000000e-01
-2.026367187500000000e-01
-2.050781250000000000e-01
-2.050781250000000000e-01
-2.026367187500000000e-01
-2.050781250000000000e-01
-2.050781250000000000e-01
-2.075195312500000000e-01
-2.026367187500000000e-01
-2.050781250000000000e-01
-2.050781250000000000e-01
-2.075195312500000000e-01
-2.099609375000000000e-01
-2.075195312500000000e-01
-2.075195312500000000e-01
-2.026367187500000000e-01
-2.026367187500000000e-01
-2.050781250000000000e-01
-2.026367187500000000e-01
-2.026367187500000000e-01
-2.075195312500000000e-01
-2.075195312500000000e-01
-2.075195312500000000e-01
-2.099609375000000000e-01
-2.075195312500000000e-01
-2.075195312500000000e-01
-2.050781250000000000e-01
-2.050781250000000000e-01
-2.075195312500000000e-01
-2.075195312500000000e-01
-2.075195312500000000e-01
-2.099609375000000000e-01
-2.099609375000000000e-01
-2.075195312500000000e-01
-2.050781250000000000e-01
-2.075195312500000000e-01
-2.050781250000000000e-01
-2.099609375000000000e-01
-2.075195312500000000e-01
-2.075195312500000000e-01
-2.050781250000000000e-01
-2.050781250000000000e-01
-2.075195312500000000e-01
-2.050781250000000000e-01
-2.050781250000000000e-01
-2.050781250000000000e-01
-2.075195312500000000e-01
-2.075195312500000000e-01
-2.050781250000000000e-01
-2.050781250000000000e-01
-2.099609375000000000e-01
-2.099609375000000000e-01
-2.075195312500000000e-01
-2.075195312500000000e-01
-2.075195312500000000e-01
-2.099609375000000000e-01
-2.099609375000000000e-01
-2.124023437500000000e-01
-2.124023437500000000e-01
-2.099609375000000000e-01
-2.075195312500000000e-01
-2.050781250000000000e-01
-2.050781250000000000e-01
-2.026367187500000000e-01
-2.050781250000000000e-01
-2.075195312500000000e-01
-2.124023437500000000e-01
-2.124023437500000000e-01
-2.124023437500000000e-01
-2.124023437500000000e-01
-2.099609375000000000e-01
-2.099609375000000000e-01
-2.124023437500000000e-01
-2.099609375000000000e-01
-2.075195312500000000e-01
-2.075195312500000000e-01
-2.099609375000000000e-01
-2.124023437500000000e-01
-2.099609375000000000e-01
-2.075195312500000000e-01
-2.099609375000000000e-01
-2.075195312500000000e-01
-2.124023437500000000e-01
-2.075195312500000000e-01
-2.075195312500000000e-01
-2.075195312500000000e-01
-2.075195312500000000e-01
-2.099609375000000000e-01
-2.075195312500000000e-01
-2.099609375000000000e-01
-2.099609375000000000e-01
-2.075195312500000000e-01
-2.075195312500000000e-01
-2.075195312500000000e-01
-2.099609375000000000e-01
-2.099609375000000000e-01
-2.075195312500000000e-01
-2.099609375000000000e-01
-2.099609375000000000e-01
-2.075195312500000000e-01
-2.075195312500000000e-01
-2.075195312500000000e-01
-2.099609375000000000e-01
-2.099609375000000000e-01
-2.099609375000000000e-01
-2.099609375000000000e-01
-2.075195312500000000e-01
-2.050781250000000000e-01
-2.075195312500000000e-01
-2.099609375000000000e-01
-2.099609375000000000e-01
-2.099609375000000000e-01
-2.099609375000000000e-01
-2.099609375000000000e-01
-2.075195312500000000e-01
-2.099609375000000000e-01
-2.099609375000000000e-01
-2.099609375000000000e-01
-2.099609375000000000e-01
-2.124023437500000000e-01
-2.099609375000000000e-01
-2.075195312500000000e-01
-2.099609375000000000e-01
-2.075195312500000000e-01
-2.075195312500000000e-01
-2.124023437500000000e-01
-2.124023437500000000e-01
-2.124023437500000000e-01
-2.099609375000000000e-01
-2.099609375000000000e-01
-2.075195312500000000e-01
-2.075195312500000000e-01
-2.099609375000000000e-01
-2.124023437500000000e-01
-2.124023437500000000e-01
-2.099609375000000000e-01
-2.099609375000000000e-01
-2.075195312500000000e-01
-2.099609375000000000e-01
-2.099609375000000000e-01
-2.099609375000000000e-01
-2.099609375000000000e-01
-2.099609375000000000e-01
-2.075195312500000000e-01
-2.099609375000000000e-01
-2.099609375000000000e-01
-2.099609375000000000e-01
-2.099609375000000000e-01
-2.075195312500000000e-01
-2.075195312500000000e-01
-2.099609375000000000e-01
-2.099609375000000000e-01
-2.124023437500000000e-01
-2.099609375000000000e-01
-2.075195312500000000e-01
-2.124023437500000000e-01
-2.075195312500000000e-01
-2.075195312500000000e-01
-2.099609375000000000e-01
-2.124023437500000000e-01
-2.124023437500000000e-01
-2.124023437500000000e-01
-2.124023437500000000e-01
-2.099609375000000000e-01
-2.099609375000000000e-01
-2.075195312500000000e-01
-2.075195312500000000e-01
-2.099609375000000000e-01
-2.099609375000000000e-01
-2.124023437500000000e-01
-2.099609375000000000e-01
-2.075195312500000000e-01
-2.099609375000000000e-01
-2.075195312500000000e-01
-2.075195312500000000e-01
-2.099609375000000000e-01
-2.124023437500000000e-01
-2.124023437500000000e-01
-2.124023437500000000e-01
-2.099609375000000000e-01
-2.099609375000000000e-01
-2.099609375000000000e-01
-2.124023437500000000e-01
-2.099609375000000000e-01
-2.099609375000000000e-01
-2.099609375000000000e-01
-2.099609375000000000e-01
-2.124023437500000000e-01
-2.124023437500000000e-01
-2.124023437500000000e-01
-2.124023437500000000e-01
-2.124023437500000000e-01
-2.124023437500000000e-01
-2.099609375000000000e-01
-2.099609375000000000e-01
-2.075195312500000000e-01
-2.075195312500000000e-01
-2.075195312500000000e-01
-2.124023437500000000e-01
-2.124023437500000000e-01
-2.124023437500000000e-01
-2.099609375000000000e-01
-2.124023437500000000e-01
-2.124023437500000000e-01
-2.124023437500000000e-01
-2.099609375000000000e-01
-2.099609375000000000e-01
-2.075195312500000000e-01
-2.099609375000000000e-01
-2.124023437500000000e-01
-2.124023437500000000e-01
-2.099609375000000000e-01
-2.099609375000000000e-01
-2.124023437500000000e-01
-2.099609375000000000e-01
-2.124023437500000000e-01
-2.099609375000000000e-01
-2.099609375000000000e-01
-2.075195312500000000e-01
-2.099609375000000000e-01
-2.099609375000000000e-01
-2.099609375000000000e-01
-2.124023437500000000e-01
-2.099609375000000000e-01
-2.099609375000000000e-01
-2.099609375000000000e-01
-2.124023437500000000e-01
-2.148437500000000000e-01
-2.124023437500000000e-01
-2.099609375000000000e-01
-2.099609375000000000e-01
-2.099609375000000000e-01
-2.124023437500000000e-01
-2.124023437500000000e-01
-2.124023437500000000e-01
-2.099609375000000000e-01
-2.124023437500000000e-01
-2.099609375000000000e-01
-2.124023437500000000e-01
-2.099609375000000000e-01
-2.099609375000000000e-01
-2.099609375000000000e-01
-2.099609375000000000e-01
-2.099609375000000000e-01
-2.099609375000000000e-01
-2.124023437500000000e-01
-2.148437500000000000e-01
-2.124023437500000000e-01
-2.099609375000000000e-01
-2.099609375000000000e-01
-2.075195312500000000e-01
-2.075195312500000000e-01
-2.099609375000000000e-01
-2.124023437500000000e-01
-2.124023437500000000e-01
-2.148437500000000000e-01
-2.099609375000000000e-01
-2.099609375000000000e-01
-2.124023437500000000e-01
-2.148437500000000000e-01
-2.124023437500000000e-01
-2.099609375000000000e-01
-2.099609375000000000e-01
-2.099609375000000000e-01
-2.075195312500000000e-01
-2.099609375000000000e-01
-2.124023437500000000e-01
-2.124023437500000000e-01
-2.124023437500000000e-01
-2.099609375000000000e-01
-2.099609375000000000e-01
-2.075195312500000000e-01
-2.099609375000000000e-01
-2.099609375000000000e-01
-2.124023437500000000e-01
-2.124023437500000000e-01
-2.099609375000000000e-01
-2.099609375000000000e-01
-2.099609375000000000e-01
-2.124023437500000000e-01
-2.099609375000000000e-01
-2.075195312500000000e-01
-2.075195312500000000e-01
-2.099609375000000000e-01
-2.124023437500000000e-01
-2.124023437500000000e-01
-2.099609375000000000e-01
-2.099609375000000000e-01
-2.124023437500000000e-01
-2.099609375000000000e-01
-2.124023437500000000e-01
-2.099609375000000000e-01
-2.099609375000000000e-01
-2.099609375000000000e-01
-2.075195312500000000e-01
-2.099609375000000000e-01
-2.099609375000000000e-01
-2.124023437500000000e-01
-2.099609375000000000e-01
-2.099609375000000000e-01
-2.124023437500000000e-01
-2.124023437500000000e-01
-2.124023437500000000e-01
-2.124023437500000000e-01
-2.099609375000000000e-01
-2.099609375000000000e-01
-2.124023437500000000e-01
-2.075195312500000000e-01
-2.099609375000000000e-01
-2.124023437500000000e-01
-2.099609375000000000e-01
-2.099609375000000000e-01
-2.124023437500000000e-01
-2.124023437500000000e-01
-2.124023437500000000e-01
-2.124023437500000000e-01
-2.099609375000000000e-01
-2.124023437500000000e-01
-2.124023437500000000e-01
-2.124023437500000000e-01
-2.124023437500000000e-01
-2.099609375000000000e-01
-2.099609375000000000e-01
-2.124023437500000000e-01
-2.124023437500000000e-01
-2.124023437500000000e-01
-2.099609375000000000e-01
-2.124023437500000000e-01
-2.124023437500000000e-01
-2.099609375000000000e-01
-2.099609375000000000e-01
-2.075195312500000000e-01
-2.099609375000000000e-01
-2.124023437500000000e-01
-2.124023437500000000e-01
-2.124023437500000000e-01
-2.148437500000000000e-01
-2.124023437500000000e-01
-2.124023437500000000e-01
-2.124023437500000000e-01
-2.099609375000000000e-01
-2.124023437500000000e-01
-2.124023437500000000e-01
-2.124023437500000000e-01
-2.124023437500000000e-01
-2.124023437500000000e-01
-2.099609375000000000e-01
-2.124023437500000000e-01
-2.099609375000000000e-01
-2.099609375000000000e-01
-2.099609375000000000e-01
-2.099609375000000000e-01
-2.124023437500000000e-01
-2.124023437500000000e-01
-2.099609375000000000e-01
-2.099609375000000000e-01
-2.099609375000000000e-01
-2.099609375000000000e-01
-2.148437500000000000e-01
-2.124023437500000000e-01
-2.124023437500000000e-01
-2.099609375000000000e-01
-2.124023437500000000e-01
-2.124023437500000000e-01
-2.124023437500000000e-01
-2.099609375000000000e-01
-2.124023437500000000e-01
-2.124023437500000000e-01
-2.075195312500000000e-01
-2.099609375000000000e-01
-2.099609375000000000e-01
-2.124023437500000000e-01
-2.124023437500000000e-01
-2.099609375000000000e-01
-2.099609375000000000e-01
-2.099609375000000000e-01
-2.124023437500000000e-01
-2.148437500000000000e-01
-2.124023437500000000e-01
-2.124023437500000000e-01
-2.099609375000000000e-01
-2.099609375000000000e-01
-2.148437500000000000e-01
-2.124023437500000000e-01
-2.148437500000000000e-01
-2.124023437500000000e-01
-2.124023437500000000e-01
-2.124023437500000000e-01
-2.099609375000000000e-01
-2.148437500000000000e-01
-2.124023437500000000e-01
-2.148437500000000000e-01
-2.124023437500000000e-01
-2.099609375000000000e-01
-2.099609375000000000e-01
-2.099609375000000000e-01
-2.124023437500000000e-01
-2.099609375000000000e-01
-2.099609375000000000e-01
-2.099609375000000000e-01
-2.099609375000000000e-01
-2.124023437500000000e-01
-2.124023437500000000e-01
-2.148437500000000000e-01
-2.124023437500000000e-01
-2.124023437500000000e-01
-2.124023437500000000e-01
-2.099609375000000000e-01
-2.124023437500000000e-01
-2.148437500000000000e-01
-2.148437500000000000e-01
-2.124023437500000000e-01
-2.124023437500000000e-01
-2.124023437500000000e-01
-2.099609375000000000e-01
-2.124023437500000000e-01
-2.148437500000000000e-01
-2.124023437500000000e-01
-2.099609375000000000e-01
-2.099609375000000000e-01
-2.124023437500000000e-01
-2.124023437500000000e-01
-2.124023437500000000e-01
-2.124023437500000000e-01
-2.124023437500000000e-01
-2.124023437500000000e-01
-2.124023437500000000e-01
-2.148437500000000000e-01
-2.148437500000000000e-01
-2.124023437500000000e-01
-2.124023437500000000e-01
-2.124023437500000000e-01
-2.124023437500000000e-01
-2.124023437500000000e-01
-2.148437500000000000e-01
-2.148437500000000000e-01
-2.124023437500000000e-01
-2.124023437500000000e-01
-2.099609375000000000e-01
-2.099609375000000000e-01
-2.124023437500000000e-01
-2.124023437500000000e-01
-2.124023437500000000e-01
-2.124023437500000000e-01
-2.124023437500000000e-01
-2.148437500000000000e-01
-2.148437500000000000e-01
-2.172851562500000000e-01
-2.148437500000000000e-01
-2.148437500000000000e-01
-2.124023437500000000e-01
-2.099609375000000000e-01
-2.124023437500000000e-01
-2.124023437500000000e-01
-2.148437500000000000e-01
-2.172851562500000000e-01
-2.172851562500000000e-01
-2.148437500000000000e-01
-2.172851562500000000e-01
-2.172851562500000000e-01
-2.172851562500000000e-01
-2.172851562500000000e-01
-2.172851562500000000e-01
-2.148437500000000000e-01
-2.172851562500000000e-01
-2.148437500000000000e-01
-2.124023437500000000e-01
-2.148437500000000000e-01
-2.172851562500000000e-01
-2.172851562500000000e-01
-2.197265625000000000e-01
-2.197265625000000000e-01
-2.172851562500000000e-01
-2.172851562500000000e-01
-2.172851562500000000e-01
-2.172851562500000000e-01
-2.172851562500000000e-01
-2.172851562500000000e-01
-2.172851562500000000e-01
-2.172851562500000000e-01
-2.172851562500000000e-01
-2.148437500000000000e-01
-2.172851562500000000e-01
-2.148437500000000000e-01
-2.172851562500000000e-01
-2.172851562500000000e-01
-2.172851562500000000e-01
-2.148437500000000000e-01
-2.148437500000000000e-01
-2.148437500000000000e-01
-2.148437500000000000e-01
-2.148437500000000000e-01
-2.172851562500000000e-01
-2.197265625000000000e-01
-2.172851562500000000e-01
-2.197265625000000000e-01
-2.172851562500000000e-01
-2.172851562500000000e-01
-2.172851562500000000e-01
-2.172851562500000000e-01
-2.148437500000000000e-01
-2.148437500000000000e-01
-2.172851562500000000e-01
-2.172851562500000000e-01
-2.197265625000000000e-01
-2.197265625000000000e-01
-2.172851562500000000e-01
-2.172851562500000000e-01
-2.172851562500000000e-01
-2.148437500000000000e-01
-2.148437500000000000e-01
-2.148437500000000000e-01
-2.172851562500000000e-01
-2.197265625000000000e-01
-2.172851562500000000e-01
-2.148437500000000000e-01
-2.172851562500000000e-01
-2.172851562500000000e-01
-2.197265625000000000e-01
-2.172851562500000000e-01
-2.172851562500000000e-01
-2.172851562500000000e-01
-2.172851562500000000e-01
-2.197265625000000000e-01
-2.197265625000000000e-01
-2.172851562500000000e-01
-2.172851562500000000e-01
-2.172851562500000000e-01
-2.197265625000000000e-01
-2.197265625000000000e-01
-2.221679687500000000e-01
-2.172851562500000000e-01
-2.148437500000000000e-01
-2.148437500000000000e-01
-2.148437500000000000e-01
-2.172851562500000000e-01
-2.197265625000000000e-01
-2.197265625000000000e-01
-2.221679687500000000e-01
-2.197265625000000000e-01
-2.172851562500000000e-01
-2.172851562500000000e-01
-2.172851562500000000e-01
-2.172851562500000000e-01
-2.172851562500000000e-01
-2.197265625000000000e-01
-2.172851562500000000e-01
-2.197265625000000000e-01
-2.197265625000000000e-01
-2.172851562500000000e-01
-2.197265625000000000e-01
-2.221679687500000000e-01
-2.197265625000000000e-01
-2.172851562500000000e-01
-2.172851562500000000e-01
-2.148437500000000000e-01
-2.172851562500000000e-01
-2.172851562500000000e-01
-2.197265625000000000e-01
-2.197265625000000000e-01
-2.197265625000000000e-01
-2.172851562500000000e-01
-2.172851562500000000e-01
-2.172851562500000000e-01
-2.197265625000000000e-01
-2.197265625000000000e-01
-2.221679687500000000e-01
-2.172851562500000000e-01
-2.172851562500000000e-01
-2.197265625000000000e-01
-2.197265625000000000e-01
-2.197265625000000000e-01
-2.197265625000000000e-01
-2.172851562500000000e-01
-2.172851562500000000e-01
-2.197265625000000000e-01
-2.197265625000000000e-01
-2.172851562500000000e-01
-2.172851562500000000e-01
-2.148437500000000000e-01
-2.172851562500000000e-01
-2.221679687500000000e-01
-2.197265625000000000e-01
-2.221679687500000000e-01
-2.197265625000000000e-01
-2.197265625000000000e-01
-2.197265625000000000e-01
-2.197265625000000000e-01
-2.197265625000000000e-01
-2.197265625000000000e-01
-2.172851562500000000e-01
-2.172851562500000000e-01
-2.172851562500000000e-01
-2.197265625000000000e-01
-2.197265625000000000e-01
-2.197265625000000000e-01
-2.197265625000000000e-01
-2.172851562500000000e-01
-2.172851562500000000e-01
-2.172851562500000000e-01
-2.172851562500000000e-01
-2.172851562500000000e-01
-2.197265625000000000e-01
-2.172851562500000000e-01
-2.197265625000000000e-01
-2.221679687500000000e-01
-2.197265625000000000e-01
-2.197265625000000000e-01
-2.172851562500000000e-01
-2.172851562500000000e-01
-2.197265625000000000e-01
-2.197265625000000000e-01
-2.197265625000000000e-01
-2.172851562500000000e-01
-2.172851562500000000e-01
-2.172851562500000000e-01
-2.197265625000000000e-01
-2.197265625000000000e-01
-2.197265625000000000e-01
-2.197265625000000000e-01
-2.172851562500000000e-01
-2.172851562500000000e-01
-2.148437500000000000e-01
-2.172851562500000000e-01
-2.197265625000000000e-01
-2.197265625000000000e-01
-2.197265625000000000e-01
-2.197265625000000000e-01
-2.172851562500000000e-01
-2.172851562500000000e-01
-2.197265625000000000e-01
-2.197265625000000000e-01
-2.172851562500000000e-01
-2.172851562500000000e-01
-2.197265625000000000e-01
-2.197265625000000000e-01
-2.197265625000000000e-01
-2.197265625000000000e-01
-2.172851562500000000e-01
-2.148437500000000000e-01
-2.172851562500000000e-01
-2.172851562500000000e-01
-2.172851562500000000e-01
-2.148437500000000000e-01
-2.148437500000000000e-01
-2.172851562500000000e-01
-2.197265625000000000e-01
-2.172851562500000000e-01
-2.172851562500000000e-01
-2.172851562500000000e-01
-2.197265625000000000e-01
-2.197265625000000000e-01
-2.197265625000000000e-01
-2.172851562500000000e-01
-2.172851562500000000e-01
-2.197265625000000000e-01
-2.197265625000000000e-01
-2.172851562500000000e-01
-2.172851562500000000e-01
-2.172851562500000000e-01
-2.172851562500000000e-01
-2.172851562500000000e-01
-2.172851562500000000e-01
-2.172851562500000000e-01
-2.172851562500000000e-01
-2.172851562500000000e-01
-2.172851562500000000e-01
-2.148437500000000000e-01
-2.148437500000000000e-01
-2.148437500000000000e-01
-2.172851562500000000e-01
-2.172851562500000000e-01
-2.148437500000000000e-01
-2.172851562500000000e-01
-2.172851562500000000e-01
-2.172851562500000000e-01
-2.197265625000000000e-01
-2.172851562500000000e-01
-2.172851562500000000e-01
-2.148437500000000000e-01
-2.148437500000000000e-01
-2.172851562500000000e-01
-2.172851562500000000e-01
-2.172851562500000000e-01
-2.197265625000000000e-01
-2.172851562500000000e-01
-2.172851562500000000e-01
-2.148437500000000000e-01
-2.148437500000000000e-01
-2.148437500000000000e-01
-2.172851562500000000e-01
-2.172851562500000000e-01
-2.172851562500000000e-01
-2.172851562500000000e-01
-2.197265625000000000e-01
-2.172851562500000000e-01
-2.148437500000000000e-01
-2.148437500000000000e-01
-2.148437500000000000e-01
-2.148437500000000000e-01
-2.172851562500000000e-01
-2.172851562500000000e-01
-2.172851562500000000e-01
-2.172851562500000000e-01
-2.172851562500000000e-01
-2.148437500000000000e-01
-2.124023437500000000e-01
-2.148437500000000000e-01
-2.172851562500000000e-01
-2.172851562500000000e-01
-2.172851562500000000e-01
-2.148437500000000000e-01
-2.148437500000000000e-01
-2.148437500000000000e-01
-2.148437500000000000e-01
-2.124023437500000000e-01
-2.124023437500000000e-01
-2.148437500000000000e-01
-2.172851562500000000e-01
-2.197265625000000000e-01
-2.197265625000000000e-01
-2.172851562500000000e-01
-2.148437500000000000e-01
-2.148437500000000000e-01
-2.172851562500000000e-01
-2.172851562500000000e-01
-2.172851562500000000e-01
-2.172851562500000000e-01
-2.148437500000000000e-01
-2.172851562500000000e-01
-2.172851562500000000e-01
-2.148437500000000000e-01
-2.148437500000000000e-01
-2.148437500000000000e-01
-2.148437500000000000e-01
-2.148437500000000000e-01
-2.124023437500000000e-01
-2.148437500000000000e-01
-2.148437500000000000e-01
-2.099609375000000000e-01
-2.124023437500000000e-01
-2.148437500000000000e-01
-2.148437500000000000e-01
-2.148437500000000000e-01
-2.148437500000000000e-01
-2.172851562500000000e-01
-2.148437500000000000e-01
-2.148437500000000000e-01
-2.148437500000000000e-01
-2.124023437500000000e-01
-2.124023437500000000e-01
-2.124023437500000000e-01
-2.124023437500000000e-01
-2.124023437500000000e-01
-2.124023437500000000e-01
-2.124023437500000000e-01
-2.124023437500000000e-01
-2.148437500000000000e-01
-2.124023437500000000e-01
-2.124023437500000000e-01
-2.099609375000000000e-01
-2.124023437500000000e-01
-2.148437500000000000e-01
-2.148437500000000000e-01
-2.172851562500000000e-01
-2.172851562500000000e-01
-2.172851562500000000e-01
-2.172851562500000000e-01
-2.172851562500000000e-01
-2.172851562500000000e-01
-2.172851562500000000e-01
-2.148437500000000000e-01
-2.148437500000000000e-01
-2.148437500000000000e-01
-2.148437500000000000e-01
-2.172851562500000000e-01
-2.172851562500000000e-01
-2.148437500000000000e-01
-2.148437500000000000e-01
-2.124023437500000000e-01
-2.099609375000000000e-01
-2.124023437500000000e-01
-2.124023437500000000e-01
-2.124023437500000000e-01
-2.148437500000000000e-01
-2.124023437500000000e-01
-2.148437500000000000e-01
-2.148437500000000000e-01
-2.172851562500000000e-01
-2.172851562500000000e-01
-2.148437500000000000e-01
-2.124023437500000000e-01
-2.124023437500000000e-01
-2.148437500000000000e-01
-2.124023437500000000e-01
-2.148437500000000000e-01
-2.148437500000000000e-01
-2.124023437500000000e-01
-2.124023437500000000e-01
-2.124023437500000000e-01
-2.124023437500000000e-01
-2.124023437500000000e-01
-2.124023437500000000e-01
-2.124023437500000000e-01
-2.124023437500000000e-01
-2.124023437500000000e-01
-2.148437500000000000e-01
-2.124023437500000000e-01
-2.148437500000000000e-01
-2.148437500000000000e-01
-2.124023437500000000e-01
-2.124023437500000000e-01
-2.099609375000000000e-01
-2.124023437500000000e-01
-2.124023437500000000e-01
-2.148437500000000000e-01
-2.124023437500000000e-01
-2.124023437500000000e-01
-2.099609375000000000e-01
-2.099609375000000000e-01
-2.124023437500000000e-01
-2.124023437500000000e-01
-2.124023437500000000e-01
-2.099609375000000000e-01
-2.099609375000000000e-01
-2.124023437500000000e-01
-2.124023437500000000e-01
-2.124023437500000000e-01
-2.124023437500000000e-01
-2.124023437500000000e-01
-2.124023437500000000e-01
-2.099609375000000000e-01
-2.124023437500000000e-01
-2.124023437500000000e-01
-2.148437500000000000e-01
-2.172851562500000000e-01
-2.148437500000000000e-01
-2.124023437500000000e-01
-2.099609375000000000e-01
-2.124023437500000000e-01
-2.124023437500000000e-01
-2.124023437500000000e-01
-2.124023437500000000e-01
-2.124023437500000000e-01
-2.099609375000000000e-01
-2.124023437500000000e-01
-2.124023437500000000e-01
-2.099609375000000000e-01
-2.124023437500000000e-01
-2.099609375000000000e-01
-2.124023437500000000e-01
-2.124023437500000000e-01
-2.099609375000000000e-01
-2.124023437500000000e-01
-2.148437500000000000e-01
-2.172851562500000000e-01
-2.172851562500000000e-01
-2.148437500000000000e-01
-2.148437500000000000e-01
-2.124023437500000000e-01
-2.148437500000000000e-01
-2.124023437500000000e-01
-2.124023437500000000e-01
-2.124023437500000000e-01
-2.099609375000000000e-01
-2.099609375000000000e-01
-2.124023437500000000e-01
-2.099609375000000000e-01
-2.124023437500000000e-01
-2.124023437500000000e-01
-2.099609375000000000e-01
-2.099609375000000000e-01
-2.099609375000000000e-01
-2.099609375000000000e-01
-2.124023437500000000e-01
-2.124023437500000000e-01
-2.148437500000000000e-01
-2.099609375000000000e-01
-2.124023437500000000e-01
-2.099609375000000000e-01
-2.124023437500000000e-01
-2.124023437500000000e-01
-2.099609375000000000e-01
-2.099609375000000000e-01
-2.124023437500000000e-01
-2.124023437500000000e-01
-2.124023437500000000e-01
-2.124023437500000000e-01
-2.099609375000000000e-01
-2.099609375000000000e-01
-2.124023437500000000e-01
-2.124023437500000000e-01
-2.124023437500000000e-01
-2.099609375000000000e-01
-2.099609375000000000e-01
-2.099609375000000000e-01
-2.075195312500000000e-01
-2.099609375000000000e-01
-2.148437500000000000e-01
-2.148437500000000000e-01
-2.148437500000000000e-01
-2.148437500000000000e-01
-2.124023437500000000e-01
-2.099609375000000000e-01
-2.099609375000000000e-01
-2.124023437500000000e-01
-2.124023437500000000e-01
-2.124023437500000000e-01
-2.148437500000000000e-01
-2.124023437500000000e-01
-2.124023437500000000e-01
-2.124023437500000000e-01
-2.124023437500000000e-01
-2.124023437500000000e-01
-2.124023437500000000e-01
-2.099609375000000000e-01
-2.099609375000000000e-01
-2.124023437500000000e-01
-2.124023437500000000e-01
-2.148437500000000000e-01
-2.124023437500000000e-01
-2.124023437500000000e-01
-2.124023437500000000e-01
-2.148437500000000000e-01
-2.148437500000000000e-01
-2.148437500000000000e-01
-2.124023437500000000e-01
-2.124023437500000000e-01
-2.124023437500000000e-01
-2.148437500000000000e-01
-2.124023437500000000e-01
-2.099609375000000000e-01
-2.099609375000000000e-01
-2.124023437500000000e-01
-2.124023437500000000e-01
-2.099609375000000000e-01
-2.099609375000000000e-01
-2.124023437500000000e-01
-2.124023437500000000e-01
-2.099609375000000000e-01
-2.099609375000000000e-01
-2.124023437500000000e-01
-2.148437500000000000e-01
-2.124023437500000000e-01
-2.124023437500000000e-01
-2.099609375000000000e-01
-2.099609375000000000e-01
-2.148437500000000000e-01
-2.148437500000000000e-01
-2.124023437500000000e-01
-2.124023437500000000e-01
-2.099609375000000000e-01
-2.148437500000000000e-01
-2.124023437500000000e-01
-2.124023437500000000e-01
-2.124023437500000000e-01
-2.148437500000000000e-01
-2.124023437500000000e-01
-2.099609375000000000e-01
-2.099609375000000000e-01
-2.099609375000000000e-01
-2.099609375000000000e-01
-2.099609375000000000e-01
-2.124023437500000000e-01
-2.124023437500000000e-01
-2.124023437500000000e-01
-2.124023437500000000e-01
-2.124023437500000000e-01
-2.124023437500000000e-01
-2.099609375000000000e-01
-2.099609375000000000e-01
-2.124023437500000000e-01
-2.124023437500000000e-01
-2.148437500000000000e-01
-2.099609375000000000e-01
-2.124023437500000000e-01
-2.099609375000000000e-01
-2.099609375000000000e-01
-2.124023437500000000e-01
-2.124023437500000000e-01
-2.148437500000000000e-01
-2.099609375000000000e-01
-2.099609375000000000e-01
-2.099609375000000000e-01
-2.124023437500000000e-01
-2.124023437500000000e-01
-2.124023437500000000e-01
-2.124023437500000000e-01
-2.124023437500000000e-01
-2.124023437500000000e-01
-2.124023437500000000e-01
-2.124023437500000000e-01
-2.124023437500000000e-01
-2.124023437500000000e-01
-2.124023437500000000e-01
-2.099609375000000000e-01
-2.124023437500000000e-01
-2.124023437500000000e-01
-2.099609375000000000e-01
-2.099609375000000000e-01
-2.099609375000000000e-01
-2.124023437500000000e-01
-2.099609375000000000e-01
-2.099609375000000000e-01
-2.099609375000000000e-01
-2.099609375000000000e-01
-2.099609375000000000e-01
-2.099609375000000000e-01
-2.099609375000000000e-01
-2.075195312500000000e-01
-2.099609375000000000e-01
-2.099609375000000000e-01
-2.124023437500000000e-01
-2.099609375000000000e-01
-2.099609375000000000e-01
-2.099609375000000000e-01
-2.124023437500000000e-01
-2.148437500000000000e-01
-2.124023437500000000e-01
-2.099609375000000000e-01
-2.124023437500000000e-01
-2.124023437500000000e-01
-2.099609375000000000e-01
-2.099609375000000000e-01
-2.099609375000000000e-01
-2.148437500000000000e-01
-2.124023437500000000e-01
-2.099609375000000000e-01
-2.099609375000000000e-01
-2.124023437500000000e-01
-2.124023437500000000e-01
-2.099609375000000000e-01
-2.099609375000000000e-01
-2.099609375000000000e-01
-2.124023437500000000e-01
-2.124023437500000000e-01
-2.124023437500000000e-01
-2.124023437500000000e-01
-2.124023437500000000e-01
-2.124023437500000000e-01
-2.124023437500000000e-01
-2.124023437500000000e-01
-2.099609375000000000e-01
-2.099609375000000000e-01
-2.099609375000000000e-01
-2.099609375000000000e-01
-2.124023437500000000e-01
-2.099609375000000000e-01
-2.099609375000000000e-01
-2.099609375000000000e-01
-2.075195312500000000e-01
-2.075195312500000000e-01
-2.099609375000000000e-01
-2.099609375000000000e-01
-2.099609375000000000e-01
-2.124023437500000000e-01
-2.124023437500000000e-01
-2.124023437500000000e-01
-2.099609375000000000e-01
-2.075195312500000000e-01
-2.075195312500000000e-01
-2.099609375000000000e-01
-2.099609375000000000e-01
-2.124023437500000000e-01
-2.124023437500000000e-01
-2.099609375000000000e-01
-2.075195312500000000e-01
-2.075195312500000000e-01
-2.075195312500000000e-01
-2.075195312500000000e-01
-2.099609375000000000e-01
-2.099609375000000000e-01
-2.124023437500000000e-01
-2.148437500000000000e-01
-2.099609375000000000e-01
-2.099609375000000000e-01
-2.075195312500000000e-01
-2.075195312500000000e-01
-2.075195312500000000e-01
-2.099609375000000000e-01
-2.099609375000000000e-01
-2.124023437500000000e-01
-2.124023437500000000e-01
-2.148437500000000000e-01
-2.124023437500000000e-01
-2.099609375000000000e-01
-2.075195312500000000e-01
-2.075195312500000000e-01
-2.075195312500000000e-01
-2.075195312500000000e-01
-2.099609375000000000e-01
-2.124023437500000000e-01
-2.099609375000000000e-01
-2.099609375000000000e-01
-2.099609375000000000e-01
-2.099609375000000000e-01
-2.099609375000000000e-01
-2.099609375000000000e-01
-2.075195312500000000e-01
-2.075195312500000000e-01
-2.099609375000000000e-01
-2.099609375000000000e-01
-2.075195312500000000e-01
-2.099609375000000000e-01
-2.099609375000000000e-01
-2.124023437500000000e-01
-2.099609375000000000e-01
-2.099609375000000000e-01
-2.099609375000000000e-01
-2.075195312500000000e-01
-2.075195312500000000e-01
-2.075195312500000000e-01
-2.075195312500000000e-01
-2.099609375000000000e-01
-2.099609375000000000e-01
-2.099609375000000000e-01
-2.075195312500000000e-01
-2.075195312500000000e-01
-2.099609375000000000e-01
-2.099609375000000000e-01
-2.075195312500000000e-01
-2.050781250000000000e-01
-2.050781250000000000e-01
-2.050781250000000000e-01
-2.075195312500000000e-01
-2.075195312500000000e-01
-2.099609375000000000e-01
-2.075195312500000000e-01
-2.099609375000000000e-01
-2.099609375000000000e-01
-2.075195312500000000e-01
-2.075195312500000000e-01
-2.075195312500000000e-01
-2.099609375000000000e-01
-2.099609375000000000e-01
-2.075195312500000000e-01
-2.050781250000000000e-01
-2.075195312500000000e-01
-2.099609375000000000e-01
-2.099609375000000000e-01
-2.075195312500000000e-01
-2.075195312500000000e-01
-2.075195312500000000e-01
-2.050781250000000000e-01
-2.050781250000000000e-01
-2.099609375000000000e-01
-2.099609375000000000e-01
-2.124023437500000000e-01
-2.124023437500000000e-01
-2.099609375000000000e-01
-2.075195312500000000e-01
-2.075195312500000000e-01
-2.099609375000000000e-01
-2.075195312500000000e-01
-2.075195312500000000e-01
-2.050781250000000000e-01
-2.075195312500000000e-01
-2.099609375000000000e-01
-2.075195312500000000e-01
-2.099609375000000000e-01
-2.099609375000000000e-01
-2.075195312500000000e-01
-2.050781250000000000e-01
-2.050781250000000000e-01
-2.050781250000000000e-01
-2.050781250000000000e-01
-2.026367187500000000e-01
-2.026367187500000000e-01
-2.026367187500000000e-01
-2.050781250000000000e-01
-2.050781250000000000e-01
-2.050781250000000000e-01
-2.026367187500000000e-01
-2.026367187500000000e-01
-2.026367187500000000e-01
-2.075195312500000000e-01
-2.050781250000000000e-01
-2.050781250000000000e-01
-2.075195312500000000e-01
-2.124023437500000000e-01
-2.075195312500000000e-01
-2.075195312500000000e-01
-2.099609375000000000e-01
-2.075195312500000000e-01
-2.075195312500000000e-01
-2.050781250000000000e-01
-2.075195312500000000e-01
-2.075195312500000000e-01
-2.026367187500000000e-01
-2.026367187500000000e-01
-2.075195312500000000e-01
-2.075195312500000000e-01
-2.075195312500000000e-01
-2.075195312500000000e-01
-2.050781250000000000e-01
-2.050781250000000000e-01
-2.099609375000000000e-01
-2.075195312500000000e-01
-2.075195312500000000e-01
-2.050781250000000000e-01
-2.050781250000000000e-01
-2.050781250000000000e-01
-2.075195312500000000e-01
-2.075195312500000000e-01
-2.050781250000000000e-01
-2.050781250000000000e-01
-2.050781250000000000e-01
-2.050781250000000000e-01
-2.026367187500000000e-01
-2.050781250000000000e-01
-2.026367187500000000e-01
-2.026367187500000000e-01
-2.050781250000000000e-01
-2.050781250000000000e-01
-2.050781250000000000e-01
-2.026367187500000000e-01
-2.026367187500000000e-01
-2.050781250000000000e-01
-2.050781250000000000e-01
-2.075195312500000000e-01
-2.050781250000000000e-01
-2.026367187500000000e-01
-2.026367187500000000e-01
-2.026367187500000000e-01
-2.001953125000000000e-01
-2.001953125000000000e-01
-2.026367187500000000e-01
-2.050781250000000000e-01
-2.075195312500000000e-01
-2.050781250000000000e-01
-2.026367187500000000e-01
-2.026367187500000000e-01
-2.001953125000000000e-01
-2.001953125000000000e-01
-2.001953125000000000e-01
-2.026367187500000000e-01
-2.050781250000000000e-01
-2.050781250000000000e-01
-2.050781250000000000e-01
-2.026367187500000000e-01
-2.050781250000000000e-01
-2.050781250000000000e-01
-2.050781250000000000e-01
-2.026367187500000000e-01
-2.026367187500000000e-01
-2.050781250000000000e-01
-2.075195312500000000e-01
-2.075195312500000000e-01
-2.026367187500000000e-01
-2.026367187500000000e-01
-2.026367187500000000e-01
-2.050781250000000000e-01
-2.050781250000000000e-01
-2.026367187500000000e-01
-2.026367187500000000e-01
-2.026367187500000000e-01
-2.050781250000000000e-01
-2.001953125000000000e-01
-2.026367187500000000e-01
-2.026367187500000000e-01
-2.050781250000000000e-01
-2.050781250000000000e-01
-2.026367187500000000e-01
-2.026367187500000000e-01
-2.050781250000000000e-01
-2.050781250000000000e-01
-2.026367187500000000e-01
-2.026367187500000000e-01
-2.026367187500000000e-01
-2.026367187500000000e-01
-2.050781250000000000e-01
-2.050781250000000000e-01
-2.026367187500000000e-01
-2.026367187500000000e-01
-2.050781250000000000e-01
-2.050781250000000000e-01
-2.026367187500000000e-01
-2.026367187500000000e-01
-2.050781250000000000e-01
-2.026367187500000000e-01
-2.001953125000000000e-01
-2.001953125000000000e-01
-2.001953125000000000e-01
-2.026367187500000000e-01
-2.026367187500000000e-01
-2.026367187500000000e-01
-2.001953125000000000e-01
-2.026367187500000000e-01
-2.026367187500000000e-01
-2.026367187500000000e-01
-2.050781250000000000e-01
-2.050781250000000000e-01
-2.026367187500000000e-01
-2.026367187500000000e-01
-2.050781250000000000e-01
-2.026367187500000000e-01
-2.026367187500000000e-01
-2.026367187500000000e-01
-2.026367187500000000e-01
-2.026367187500000000e-01
-2.026367187500000000e-01
-2.001953125000000000e-01
-2.001953125000000000e-01
-2.001953125000000000e-01
-2.001953125000000000e-01
-2.026367187500000000e-01
-2.050781250000000000e-01
-2.050781250000000000e-01
-2.075195312500000000e-01
-2.050781250000000000e-01
-2.026367187500000000e-01
-2.026367187500000000e-01
-2.001953125000000000e-01
-2.001953125000000000e-01
-2.026367187500000000e-01
-2.026367187500000000e-01
-2.001953125000000000e-01
-2.026367187500000000e-01
-2.050781250000000000e-01
-2.050781250000000000e-01
-2.050781250000000000e-01
-2.026367187500000000e-01
-2.001953125000000000e-01
-2.001953125000000000e-01
-2.001953125000000000e-01
-2.026367187500000000e-01
-2.050781250000000000e-01
-2.026367187500000000e-01
-2.001953125000000000e-01
-2.026367187500000000e-01
-2.026367187500000000e-01
-2.050781250000000000e-01
-2.026367187500000000e-01
-2.001953125000000000e-01
-2.026367187500000000e-01
-2.026367187500000000e-01
-2.026367187500000000e-01
-2.050781250000000000e-01
-2.026367187500000000e-01
-2.001953125000000000e-01
-2.026367187500000000e-01
-1.977539062500000000e-01
-2.026367187500000000e-01
-2.026367187500000000e-01
-2.026367187500000000e-01
-2.026367187500000000e-01
-2.001953125000000000e-01
-2.026367187500000000e-01
-2.026367187500000000e-01
-2.050781250000000000e-01
-2.001953125000000000e-01
-2.001953125000000000e-01
-2.026367187500000000e-01
-2.026367187500000000e-01
-2.026367187500000000e-01
-2.026367187500000000e-01
-2.026367187500000000e-01
-2.001953125000000000e-01
-2.001953125000000000e-01
-2.050781250000000000e-01
-2.050781250000000000e-01
-2.075195312500000000e-01
-2.050781250000000000e-01
-2.026367187500000000e-01
-2.001953125000000000e-01
-2.001953125000000000e-01
-2.001953125000000000e-01
-2.026367187500000000e-01
-2.026367187500000000e-01
-2.026367187500000000e-01
-2.001953125000000000e-01
-2.001953125000000000e-01
-2.026367187500000000e-01
-2.026367187500000000e-01
-2.050781250000000000e-01
-2.026367187500000000e-01
-2.050781250000000000e-01
-2.026367187500000000e-01
-2.001953125000000000e-01
-2.001953125000000000e-01
-2.026367187500000000e-01
-2.050781250000000000e-01
-2.050781250000000000e-01
-2.026367187500000000e-01
-2.001953125000000000e-01
-2.001953125000000000e-01
-2.001953125000000000e-01
-2.026367187500000000e-01
-2.026367187500000000e-01
-2.026367187500000000e-01
-2.001953125000000000e-01
-2.001953125000000000e-01
-2.001953125000000000e-01
-2.026367187500000000e-01
-2.026367187500000000e-01
-2.001953125000000000e-01
-2.001953125000000000e-01
-2.026367187500000000e-01
-2.026367187500000000e-01
-2.026367187500000000e-01
-2.001953125000000000e-01
-2.001953125000000000e-01
-2.001953125000000000e-01
-2.001953125000000000e-01
-2.026367187500000000e-01
-2.001953125000000000e-01
-2.001953125000000000e-01
-2.001953125000000000e-01
-2.026367187500000000e-01
-2.001953125000000000e-01
-2.001953125000000000e-01
-2.026367187500000000e-01
-2.001953125000000000e-01
-1.977539062500000000e-01
-1.977539062500000000e-01
-1.977539062500000000e-01
-2.001953125000000000e-01
-2.001953125000000000e-01
-2.001953125000000000e-01
-2.026367187500000000e-01
-2.026367187500000000e-01
-2.026367187500000000e-01
-2.001953125000000000e-01
-2.001953125000000000e-01
-1.977539062500000000e-01
-2.026367187500000000e-01
-2.026367187500000000e-01
-2.026367187500000000e-01
-2.001953125000000000e-01
-2.001953125000000000e-01
-2.001953125000000000e-01
-2.001953125000000000e-01
-2.026367187500000000e-01
-2.001953125000000000e-01
-2.001953125000000000e-01
-2.001953125000000000e-01
-2.001953125000000000e-01
-1.977539062500000000e-01
-1.953125000000000000e-01
-2.001953125000000000e-01
-2.001953125000000000e-01
-2.001953125000000000e-01
-2.026367187500000000e-01
-2.001953125000000000e-01
-2.001953125000000000e-01
-2.001953125000000000e-01
-2.001953125000000000e-01
-2.001953125000000000e-01
-2.026367187500000000e-01
-2.026367187500000000e-01
-2.001953125000000000e-01
-2.001953125000000000e-01
-2.001953125000000000e-01
-1.977539062500000000e-01
-1.977539062500000000e-01
-2.001953125000000000e-01
-2.001953125000000000e-01
-1.977539062500000000e-01
-1.977539062500000000e-01
-1.977539062500000000e-01
-1.977539062500000000e-01
-2.001953125000000000e-01
-1.977539062500000000e-01
-1.977539062500000000e-01
-2.001953125000000000e-01
-2.001953125000000000e-01
-2.026367187500000000e-01
-1.977539062500000000e-01
-1.977539062500000000e-01
-2.001953125000000000e-01
-2.001953125000000000e-01
-1.977539062500000000e-01
-1.977539062500000000e-01
-1.977539062500000000e-01
-1.977539062500000000e-01
-2.001953125000000000e-01
-1.977539062500000000e-01
-1.977539062500000000e-01
-1.953125000000000000e-01
-1.977539062500000000e-01
-2.001953125000000000e-01
-2.001953125000000000e-01
-1.977539062500000000e-01
-1.953125000000000000e-01
-1.953125000000000000e-01
-1.977539062500000000e-01
-1.977539062500000000e-01
-1.953125000000000000e-01
-2.001953125000000000e-01
-2.001953125000000000e-01
-1.977539062500000000e-01
-1.953125000000000000e-01
-1.928710937500000000e-01
-1.928710937500000000e-01
-1.953125000000000000e-01
-1.953125000000000000e-01
-1.953125000000000000e-01
-1.953125000000000000e-01
-1.928710937500000000e-01
-1.928710937500000000e-01
-1.928710937500000000e-01
-1.953125000000000000e-01
-1.953125000000000000e-01
-1.953125000000000000e-01
-1.928710937500000000e-01
-1.953125000000000000e-01
-1.928710937500000000e-01
-1.928710937500000000e-01
-1.928710937500000000e-01
-1.953125000000000000e-01
-1.977539062500000000e-01
-1.977539062500000000e-01
-1.953125000000000000e-01
-1.928710937500000000e-01
-1.953125000000000000e-01
-1.928710937500000000e-01
-1.953125000000000000e-01
-1.953125000000000000e-01
-1.977539062500000000e-01
-1.953125000000000000e-01
-1.928710937500000000e-01
-1.928710937500000000e-01
-1.928710937500000000e-01
-1.904296875000000000e-01
-1.928710937500000000e-01
-1.928710937500000000e-01
-1.953125000000000000e-01
-1.953125000000000000e-01
-1.928710937500000000e-01
-1.928710937500000000e-01
-1.904296875000000000e-01
-1.904296875000000000e-01
-1.928710937500000000e-01
-1.928710937500000000e-01
-1.977539062500000000e-01
-1.953125000000000000e-01
-1.928710937500000000e-01
-1.953125000000000000e-01
-1.977539062500000000e-01
-1.953125000000000000e-01
-1.953125000000000000e-01
-1.928710937500000000e-01
-1.928710937500000000e-01
-1.904296875000000000e-01
-1.904296875000000000e-01
-1.928710937500000000e-01
-1.928710937500000000e-01
-1.953125000000000000e-01
-1.953125000000000000e-01
-1.953125000000000000e-01
-1.928710937500000000e-01
-1.904296875000000000e-01
-1.928710937500000000e-01
-1.928710937500000000e-01
-1.953125000000000000e-01
-1.953125000000000000e-01
-1.928710937500000000e-01
-1.928710937500000000e-01
-1.904296875000000000e-01
-1.928710937500000000e-01
-1.928710937500000000e-01
-1.953125000000000000e-01
-1.953125000000000000e-01
-1.928710937500000000e-01
-1.928710937500000000e-01
-1.953125000000000000e-01
-1.904296875000000000e-01
-1.928710937500000000e-01
-1.953125000000000000e-01
-1.928710937500000000e-01
-1.928710937500000000e-01
-1.904296875000000000e-01
-1.904296875000000000e-01
-1.879882812500000000e-01
-1.904296875000000000e-01
-1.928710937500000000e-01
-1.904296875000000000e-01
-1.928710937500000000e-01
-1.904296875000000000e-01
-1.928710937500000000e-01
-1.928710937500000000e-01
-1.928710937500000000e-01
-1.928710937500000000e-01
-1.928710937500000000e-01
-1.904296875000000000e-01
-1.904296875000000000e-01
-1.928710937500000000e-01
-1.928710937500000000e-01
-1.928710937500000000e-01
-1.928710937500000000e-01
-1.904296875000000000e-01
-1.928710937500000000e-01
-1.904296875000000000e-01
-1.928710937500000000e-01
-1.928710937500000000e-01
-1.904296875000000000e-01
-1.904296875000000000e-01
-1.928710937500000000e-01
-1.904296875000000000e-01
-1.904296875000000000e-01
-1.928710937500000000e-01
-1.928710937500000000e-01
-1.928710937500000000e-01
-1.928710937500000000e-01
-1.928710937500000000e-01
-1.904296875000000000e-01
-1.904296875000000000e-01
-1.928710937500000000e-01
-1.928710937500000000e-01
-1.928710937500000000e-01
-1.904296875000000000e-01
-1.928710937500000000e-01
-1.904296875000000000e-01
-1.904296875000000000e-01
-1.928710937500000000e-01
-1.904296875000000000e-01
-1.904296875000000000e-01
-1.904296875000000000e-01
-1.879882812500000000e-01
-1.904296875000000000e-01
-1.928710937500000000e-01
-1.928710937500000000e-01
-1.928710937500000000e-01
-1.928710937500000000e-01
-1.953125000000000000e-01
-1.904296875000000000e-01
-1.904296875000000000e-01
-1.879882812500000000e-01
-1.879882812500000000e-01
-1.904296875000000000e-01
-1.928710937500000000e-01
-1.928710937500000000e-01
-1.928710937500000000e-01
-1.904296875000000000e-01
-1.904296875000000000e-01
-1.904296875000000000e-01
-1.928710937500000000e-01
-1.928710937500000000e-01
-1.953125000000000000e-01
-1.928710937500000000e-01
-1.928710937500000000e-01
-1.928710937500000000e-01
-1.904296875000000000e-01
-1.879882812500000000e-01
-1.904296875000000000e-01
-1.904296875000000000e-01
-1.928710937500000000e-01
-1.904296875000000000e-01
-1.904296875000000000e-01
-1.904296875000000000e-01
-1.928710937500000000e-01
-1.928710937500000000e-01
-1.928710937500000000e-01
-1.928710937500000000e-01
-1.904296875000000000e-01
-1.904296875000000000e-01
-1.928710937500000000e-01
-1.928710937500000000e-01
-1.904296875000000000e-01
-1.879882812500000000e-01
-1.904296875000000000e-01
-1.928710937500000000e-01
-1.879882812500000000e-01
-1.879882812500000000e-01
-1.879882812500000000e-01
-1.879882812500000000e-01
-1.904296875000000000e-01
-1.879882812500000000e-01
-1.879882812500000000e-01
-1.904296875000000000e-01
-1.928710937500000000e-01
-1.928710937500000000e-01
-1.904296875000000000e-01
-1.904296875000000000e-01
-1.904296875000000000e-01
-1.879882812500000000e-01
-1.904296875000000000e-01
-1.928710937500000000e-01
-1.928710937500000000e-01
-1.904296875000000000e-01
-1.904296875000000000e-01
-1.904296875000000000e-01
-1.879882812500000000e-01
-1.928710937500000000e-01
-1.928710937500000000e-01
-1.928710937500000000e-01
-1.904296875000000000e-01
-1.879882812500000000e-01
-1.879882812500000000e-01
-1.904296875000000000e-01
-1.879882812500000000e-01
-1.904296875000000000e-01
-1.855468750000000000e-01
-1.879882812500000000e-01
-1.879882812500000000e-01
-1.879882812500000000e-01
-1.879882812500000000e-01
-1.879882812500000000e-01
-1.855468750000000000e-01
-1.879882812500000000e-01
-1.879882812500000000e-01
-1.879882812500000000e-01
-1.855468750000000000e-01
-1.855468750000000000e-01
-1.855468750000000000e-01
-1.879882812500000000e-01
-1.879882812500000000e-01
-1.855468750000000000e-01
-1.855468750000000000e-01
-1.855468750000000000e-01
-1.879882812500000000e-01
-1.855468750000000000e-01
-1.855468750000000000e-01
-1.855468750000000000e-01
-1.879882812500000000e-01
-1.879882812500000000e-01
-1.879882812500000000e-01
-1.831054687500000000e-01
-1.855468750000000000e-01
-1.855468750000000000e-01
-1.855468750000000000e-01
-1.879882812500000000e-01
-1.855468750000000000e-01
-1.831054687500000000e-01
-1.855468750000000000e-01
-1.879882812500000000e-01
-1.855468750000000000e-01
-1.879882812500000000e-01
-1.879882812500000000e-01
-1.831054687500000000e-01
-1.855468750000000000e-01
-1.831054687500000000e-01
-1.831054687500000000e-01
-1.855468750000000000e-01
-1.879882812500000000e-01
-1.879882812500000000e-01
-1.879882812500000000e-01
-1.831054687500000000e-01
-1.879882812500000000e-01
-1.879882812500000000e-01
-1.855468750000000000e-01
-1.855468750000000000e-01
-1.855468750000000000e-01
-1.879882812500000000e-01
-1.879882812500000000e-01
-1.831054687500000000e-01
-1.855468750000000000e-01
-1.879882812500000000e-01
-1.879882812500000000e-01
-1.855468750000000000e-01
-1.855468750000000000e-01
-1.855468750000000000e-01
-1.831054687500000000e-01
-1.855468750000000000e-01
-1.831054687500000000e-01
-1.831054687500000000e-01
-1.855468750000000000e-01
-1.855468750000000000e-01
-1.831054687500000000e-01
-1.831054687500000000e-01
-1.855468750000000000e-01
-1.855468750000000000e-01
-1.855468750000000000e-01
-1.855468750000000000e-01
-1.831054687500000000e-01
-1.806640625000000000e-01
-1.831054687500000000e-01
-1.831054687500000000e-01
-1.831054687500000000e-01
-1.831054687500000000e-01
-1.831054687500000000e-01
-1.831054687500000000e-01
-1.831054687500000000e-01
-1.855468750000000000e-01
-1.855468750000000000e-01
-1.831054687500000000e-01
-1.831054687500000000e-01
-1.855468750000000000e-01
-1.831054687500000000e-01
-1.831054687500000000e-01
-1.806640625000000000e-01
-1.831054687500000000e-01
-1.831054687500000000e-01
-1.831054687500000000e-01
-1.855468750000000000e-01
-1.831054687500000000e-01
-1.806640625000000000e-01
-1.831054687500000000e-01
-1.806640625000000000e-01
-1.806640625000000000e-01
-1.831054687500000000e-01
-1.855468750000000000e-01
-1.855468750000000000e-01
-1.855468750000000000e-01
-1.855468750000000000e-01
-1.831054687500000000e-01
-1.831054687500000000e-01
-1.855468750000000000e-01
-1.831054687500000000e-01
-1.806640625000000000e-01
-1.806640625000000000e-01
-1.831054687500000000e-01
-1.831054687500000000e-01
-1.831054687500000000e-01
-1.806640625000000000e-01
-1.831054687500000000e-01
-1.855468750000000000e-01
-1.855468750000000000e-01
-1.831054687500000000e-01
-1.831054687500000000e-01
-1.806640625000000000e-01
-1.806640625000000000e-01
-1.855468750000000000e-01
-1.831054687500000000e-01
-1.831054687500000000e-01
-1.831054687500000000e-01
-1.831054687500000000e-01
-1.806640625000000000e-01
-1.806640625000000000e-01
-1.831054687500000000e-01
-1.831054687500000000e-01
-1.782226562500000000e-01
-1.782226562500000000e-01
-1.782226562500000000e-01
-1.757812500000000000e-01
-1.782226562500000000e-01
-1.806640625000000000e-01
-1.806640625000000000e-01
-1.806640625000000000e-01
-1.806640625000000000e-01
-1.782226562500000000e-01
-1.782226562500000000e-01
-1.782226562500000000e-01
-1.782226562500000000e-01
-1.782226562500000000e-01
-1.806640625000000000e-01
-1.806640625000000000e-01
-1.806640625000000000e-01
-1.782226562500000000e-01
-1.757812500000000000e-01
-1.782226562500000000e-01
-1.757812500000000000e-01
-1.782226562500000000e-01
-1.782226562500000000e-01
-1.806640625000000000e-01
-1.782226562500000000e-01
-1.757812500000000000e-01
-1.757812500000000000e-01
-1.757812500000000000e-01
-1.757812500000000000e-01
-1.782226562500000000e-01
-1.782226562500000000e-01
-1.782226562500000000e-01
-1.782226562500000000e-01
-1.806640625000000000e-01
-1.806640625000000000e-01
-1.782226562500000000e-01
-1.757812500000000000e-01
-1.782226562500000000e-01
-1.806640625000000000e-01
-1.782226562500000000e-01
-1.782226562500000000e-01
-1.757812500000000000e-01
-1.757812500000000000e-01
-1.757812500000000000e-01
-1.782226562500000000e-01
-1.806640625000000000e-01
-1.782226562500000000e-01
-1.782226562500000000e-01
-1.757812500000000000e-01
-1.757812500000000000e-01
-1.782226562500000000e-01
-1.782226562500000000e-01
-1.782226562500000000e-01
-1.782226562500000000e-01
-1.782226562500000000e-01
-1.757812500000000000e-01
-1.733398437500000000e-01
-1.782226562500000000e-01
-1.782226562500000000e-01
-1.782226562500000000e-01
-1.782226562500000000e-01
-1.782226562500000000e-01
-1.782226562500000000e-01
-1.757812500000000000e-01
-1.782226562500000000e-01
-1.757812500000000000e-01
-1.757812500000000000e-01
-1.757812500000000000e-01
-1.782226562500000000e-01
-1.757812500000000000e-01
-1.733398437500000000e-01
-1.733398437500000000e-01
-1.733398437500000000e-01
-1.757812500000000000e-01
-1.757812500000000000e-01
-1.733398437500000000e-01
-1.757812500000000000e-01
-1.782226562500000000e-01
-1.757812500000000000e-01
-1.757812500000000000e-01
-1.757812500000000000e-01
-1.782226562500000000e-01
-1.782226562500000000e-01
-1.757812500000000000e-01
-1.757812500000000000e-01
-1.782226562500000000e-01
-1.757812500000000000e-01
-1.757812500000000000e-01
-1.757812500000000000e-01
-1.733398437500000000e-01
-1.757812500000000000e-01
-1.757812500000000000e-01
-1.733398437500000000e-01
-1.733398437500000000e-01
-1.757812500000000000e-01
-1.757812500000000000e-01
-1.733398437500000000e-01
-1.733398437500000000e-01
-1.733398437500000000e-01
-1.733398437500000000e-01
-1.708984375000000000e-01
-1.733398437500000000e-01
-1.733398437500000000e-01
-1.757812500000000000e-01
-1.757812500000000000e-01
-1.733398437500000000e-01
-1.733398437500000000e-01
-1.733398437500000000e-01
-1.757812500000000000e-01
-1.757812500000000000e-01
-1.733398437500000000e-01
-1.708984375000000000e-01
-1.708984375000000000e-01
-1.684570312500000000e-01
-1.660156250000000000e-01
-1.684570312500000000e-01
-1.708984375000000000e-01
-1.708984375000000000e-01
-1.733398437500000000e-01
-1.733398437500000000e-01
-1.708984375000000000e-01
-1.684570312500000000e-01
-1.708984375000000000e-01
-1.733398437500000000e-01
-1.733398437500000000e-01
-1.733398437500000000e-01
-1.733398437500000000e-01
-1.684570312500000000e-01
-1.684570312500000000e-01
-1.684570312500000000e-01
-1.684570312500000000e-01
-1.708984375000000000e-01
-1.708984375000000000e-01
-1.708984375000000000e-01
-1.684570312500000000e-01
-1.684570312500000000e-01
-1.660156250000000000e-01
-1.684570312500000000e-01
-1.684570312500000000e-01
-1.708984375000000000e-01
-1.733398437500000000e-01
-1.733398437500000000e-01
-1.733398437500000000e-01
-1.708984375000000000e-01
-1.708984375000000000e-01
-1.708984375000000000e-01
-1.708984375000000000e-01
-1.708984375000000000e-01
-1.684570312500000000e-01
-1.660156250000000000e-01
-1.660156250000000000e-01
-1.660156250000000000e-01
-1.660156250000000000e-01
-1.684570312500000000e-01
-1.708984375000000000e-01
-1.684570312500000000e-01
-1.708984375000000000e-01
-1.708984375000000000e-01
-1.684570312500000000e-01
-1.684570312500000000e-01
-1.684570312500000000e-01
-1.660156250000000000e-01
-1.660156250000000000e-01
-1.684570312500000000e-01
-1.708984375000000000e-01
-1.708984375000000000e-01
-1.708984375000000000e-01
-1.708984375000000000e-01
-1.684570312500000000e-01
-1.660156250000000000e-01
-1.660156250000000000e-01
-1.684570312500000000e-01
-1.684570312500000000e-01
-1.660156250000000000e-01
-1.684570312500000000e-01
-1.635742187500000000e-01
-1.684570312500000000e-01
-1.660156250000000000e-01
-1.660156250000000000e-01
-1.660156250000000000e-01
-1.660156250000000000e-01
-1.684570312500000000e-01
-1.660156250000000000e-01
-1.660156250000000000e-01
-1.660156250000000000e-01
-1.684570312500000000e-01
-1.708984375000000000e-01
-1.684570312500000000e-01
-1.684570312500000000e-01
-1.684570312500000000e-01
-1.660156250000000000e-01
-1.684570312500000000e-01
-1.660156250000000000e-01
-1.684570312500000000e-01
-1.684570312500000000e-01
-1.708984375000000000e-01
-1.684570312500000000e-01
-1.660156250000000000e-01
-1.660156250000000000e-01
-1.660156250000000000e-01
-1.684570312500000000e-01
-1.684570312500000000e-01
-1.684570312500000000e-01
-1.660156250000000000e-01
-1.660156250000000000e-01
-1.635742187500000000e-01
-1.635742187500000000e-01
-1.660156250000000000e-01
-1.684570312500000000e-01
-1.708984375000000000e-01
-1.708984375000000000e-01
-1.708984375000000000e-01
-1.684570312500000000e-01
-1.660156250000000000e-01
-1.660156250000000000e-01
-1.660156250000000000e-01
-1.635742187500000000e-01
-1.660156250000000000e-01
-1.684570312500000000e-01
-1.684570312500000000e-01
-1.660156250000000000e-01
-1.660156250000000000e-01
-1.660156250000000000e-01
-1.684570312500000000e-01
-1.684570312500000000e-01
-1.660156250000000000e-01
-1.635742187500000000e-01
-1.635742187500000000e-01
-1.611328125000000000e-01
-1.611328125000000000e-01
-1.635742187500000000e-01
-1.635742187500000000e-01
-1.660156250000000000e-01
-1.660156250000000000e-01
-1.660156250000000000e-01
-1.635742187500000000e-01
-1.635742187500000000e-01
-1.611328125000000000e-01
-1.635742187500000000e-01
-1.635742187500000000e-01
-1.660156250000000000e-01
-1.635742187500000000e-01
-1.635742187500000000e-01
-1.611328125000000000e-01
-1.635742187500000000e-01
-1.635742187500000000e-01
-1.611328125000000000e-01
-1.611328125000000000e-01
-1.635742187500000000e-01
-1.635742187500000000e-01
-1.611328125000000000e-01
-1.611328125000000000e-01
-1.635742187500000000e-01
-1.660156250000000000e-01
-1.660156250000000000e-01
-1.635742187500000000e-01
-1.611328125000000000e-01
-1.611328125000000000e-01
-1.635742187500000000e-01
-1.635742187500000000e-01
-1.611328125000000000e-01
-1.611328125000000000e-01
-1.611328125000000000e-01
-1.635742187500000000e-01
-1.635742187500000000e-01
-1.635742187500000000e-01
-1.635742187500000000e-01
-1.635742187500000000e-01
-1.635742187500000000e-01
-1.611328125000000000e-01
-1.635742187500000000e-01
-1.611328125000000000e-01
-1.611328125000000000e-01
-1.586914062500000000e-01
-1.586914062500000000e-01
-1.611328125000000000e-01
-1.635742187500000000e-01
-1.635742187500000000e-01
-1.635742187500000000e-01
-1.611328125000000000e-01
-1.611328125000000000e-01
-1.611328125000000000e-01
-1.635742187500000000e-01
-1.635742187500000000e-01
-1.635742187500000000e-01
-1.611328125000000000e-01
-1.611328125000000000e-01
-1.635742187500000000e-01
-1.611328125000000000e-01
-1.586914062500000000e-01
-1.611328125000000000e-01
-1.611328125000000000e-01
-1.635742187500000000e-01
-1.635742187500000000e-01
-1.611328125000000000e-01
-1.611328125000000000e-01
-1.611328125000000000e-01
-1.611328125000000000e-01
-1.635742187500000000e-01
-1.635742187500000000e-01
-1.611328125000000000e-01
-1.586914062500000000e-01
-1.586914062500000000e-01
-1.586914062500000000e-01
-1.611328125000000000e-01
-1.611328125000000000e-01
-1.611328125000000000e-01
-1.611328125000000000e-01
-1.635742187500000000e-01
-1.611328125000000000e-01
-1.611328125000000000e-01
-1.635742187500000000e-01
-1.635742187500000000e-01
-1.611328125000000000e-01
-1.611328125000000000e-01
-1.611328125000000000e-01
-1.611328125000000000e-01
-1.611328125000000000e-01
-1.611328125000000000e-01
-1.611328125000000000e-01
-1.635742187500000000e-01
-1.635742187500000000e-01
-1.611328125000000000e-01
-1.611328125000000000e-01
-1.611328125000000000e-01
-1.611328125000000000e-01
-1.586914062500000000e-01
-1.586914062500000000e-01
-1.586914062500000000e-01
-1.586914062500000000e-01
-1.586914062500000000e-01
-1.611328125000000000e-01
-1.635742187500000000e-01
-1.611328125000000000e-01
-1.611328125000000000e-01
-1.586914062500000000e-01
-1.586914062500000000e-01
-1.586914062500000000e-01
-1.611328125000000000e-01
-1.611328125000000000e-01
-1.586914062500000000e-01
-1.586914062500000000e-01
-1.611328125000000000e-01
-1.611328125000000000e-01
-1.611328125000000000e-01
-1.611328125000000000e-01
-1.611328125000000000e-01
-1.586914062500000000e-01
-1.586914062500000000e-01
-1.611328125000000000e-01
-1.611328125000000000e-01
-1.611328125000000000e-01
-1.586914062500000000e-01
-1.586914062500000000e-01
-1.586914062500000000e-01
-1.586914062500000000e-01
-1.586914062500000000e-01
-1.586914062500000000e-01
-1.586914062500000000e-01
-1.586914062500000000e-01
-1.562500000000000000e-01
-1.562500000000000000e-01
-1.586914062500000000e-01
-1.586914062500000000e-01
-1.562500000000000000e-01
-1.562500000000000000e-01
-1.586914062500000000e-01
-1.586914062500000000e-01
-1.586914062500000000e-01
-1.562500000000000000e-01
-1.586914062500000000e-01
-1.586914062500000000e-01
-1.562500000000000000e-01
-1.562500000000000000e-01
-1.586914062500000000e-01
-1.562500000000000000e-01
-1.562500000000000000e-01
-1.562500000000000000e-01
-1.538085937500000000e-01
-1.562500000000000000e-01
-1.586914062500000000e-01
-1.586914062500000000e-01
-1.562500000000000000e-01
-1.562500000000000000e-01
-1.538085937500000000e-01
-1.562500000000000000e-01
-1.538085937500000000e-01
-1.562500000000000000e-01
-1.562500000000000000e-01
-1.562500000000000000e-01
-1.562500000000000000e-01
-1.586914062500000000e-01
-1.586914062500000000e-01
-1.538085937500000000e-01
-1.538085937500000000e-01
-1.562500000000000000e-01
-1.562500000000000000e-01
-1.562500000000000000e-01
-1.538085937500000000e-01
-1.562500000000000000e-01
-1.586914062500000000e-01
-1.586914062500000000e-01
-1.586914062500000000e-01
-1.562500000000000000e-01
-1.538085937500000000e-01
-1.538085937500000000e-01
-1.538085937500000000e-01
-1.513671875000000000e-01
-1.538085937500000000e-01
-1.562500000000000000e-01
-1.586914062500000000e-01
-1.562500000000000000e-01
-1.562500000000000000e-01
-1.562500000000000000e-01
-1.538085937500000000e-01
-1.538085937500000000e-01
-1.513671875000000000e-01
-1.538085937500000000e-01
-1.562500000000000000e-01
-1.562500000000000000e-01
-1.562500000000000000e-01
-1.562500000000000000e-01
-1.538085937500000000e-01
-1.538085937500000000e-01
-1.538085937500000000e-01
-1.513671875000000000e-01
-1.513671875000000000e-01
-1.538085937500000000e-01
-1.538085937500000000e-01
-1.562500000000000000e-01
-1.562500000000000000e-01
-1.513671875000000000e-01
-1.538085937500000000e-01
-1.513671875000000000e-01
-1.538085937500000000e-01
-1.562500000000000000e-01
-1.538085937500000000e-01
-1.562500000000000000e-01
-1.538085937500000000e-01
-1.538085937500000000e-01
-1.513671875000000000e-01
-1.513671875000000000e-01
-1.513671875000000000e-01
-1.538085937500000000e-01
-1.538085937500000000e-01
-1.538085937500000000e-01
-1.562500000000000000e-01
-1.562500000000000000e-01
-1.562500000000000000e-01
-1.562500000000000000e-01
-1.538085937500000000e-01
-1.513671875000000000e-01
-1.489257812500000000e-01
-1.538085937500000000e-01
-1.538085937500000000e-01
-1.562500000000000000e-01
-1.562500000000000000e-01
-1.562500000000000000e-01
-1.538085937500000000e-01
-1.562500000000000000e-01
-1.562500000000000000e-01
-1.538085937500000000e-01
-1.538085937500000000e-01
-1.538085937500000000e-01
-1.538085937500000000e-01
-1.538085937500000000e-01
-1.513671875000000000e-01
-1.513671875000000000e-01
-1.513671875000000000e-01
-1.513671875000000000e-01
-1.513671875000000000e-01
-1.489257812500000000e-01
-1.489257812500000000e-01
-1.513671875000000000e-01
-1.513671875000000000e-01
-1.513671875000000000e-01
-1.513671875000000000e-01
-1.513671875000000000e-01
-1.538085937500000000e-01
-1.538085937500000000e-01
-1.513671875000000000e-01
-1.513671875000000000e-01
-1.513671875000000000e-01
-1.562500000000000000e-01
-1.513671875000000000e-01
-1.513671875000000000e-01
-1.489257812500000000e-01
-1.513671875000000000e-01
-1.513671875000000000e-01
-1.538085937500000000e-01
-1.513671875000000000e-01
-1.513671875000000000e-01
-1.513671875000000000e-01
-1.489257812500000000e-01
-1.513671875000000000e-01
-1.513671875000000000e-01
-1.513671875000000000e-01
-1.513671875000000000e-01
-1.513671875000000000e-01
-1.489257812500000000e-01
-1.489257812500000000e-01
-1.538085937500000000e-01
-1.513671875000000000e-01
-1.513671875000000000e-01
-1.538085937500000000e-01
-1.489257812500000000e-01
-1.513671875000000000e-01
-1.513671875000000000e-01
-1.513671875000000000e-01
-1.489257812500000000e-01
-1.489257812500000000e-01
-1.489257812500000000e-01
-1.513671875000000000e-01
-1.513671875000000000e-01
-1.538085937500000000e-01
-1.538085937500000000e-01
-1.513671875000000000e-01
-1.513671875000000000e-01
-1.489257812500000000e-01
-1.489257812500000000e-01
-1.513671875000000000e-01
-1.538085937500000000e-01
-1.538085937500000000e-01
-1.513671875000000000e-01
-1.513671875000000000e-01
-1.489257812500000000e-01
-1.489257812500000000e-01
-1.513671875000000000e-01
-1.513671875000000000e-01
-1.513671875000000000e-01
-1.489257812500000000e-01
-1.513671875000000000e-01
-1.513671875000000000e-01
-1.513671875000000000e-01
-1.489257812500000000e-01
-1.489257812500000000e-01
-1.489257812500000000e-01
-1.464843750000000000e-01
-1.464843750000000000e-01
-1.464843750000000000e-01
-1.464843750000000000e-01
-1.440429687500000000e-01
-1.464843750000000000e-01
-1.489257812500000000e-01
-1.489257812500000000e-01
-1.489257812500000000e-01
-1.464843750000000000e-01
-1.464843750000000000e-01
-1.464843750000000000e-01
-1.440429687500000000e-01
-1.464843750000000000e-01
-1.464843750000000000e-01
-1.489257812500000000e-01
-1.464843750000000000e-01
-1.489257812500000000e-01
-1.464843750000000000e-01
-1.464843750000000000e-01
-1.489257812500000000e-01
-1.464843750000000000e-01
-1.464843750000000000e-01
-1.440429687500000000e-01
-1.464843750000000000e-01
-1.440429687500000000e-01
-1.464843750000000000e-01
-1.440429687500000000e-01
-1.440429687500000000e-01
-1.440429687500000000e-01
-1.440429687500000000e-01
-1.464843750000000000e-01
-1.440429687500000000e-01
-1.464843750000000000e-01
-1.464843750000000000e-01
-1.464843750000000000e-01
-1.440429687500000000e-01
-1.440429687500000000e-01
-1.464843750000000000e-01
-1.464843750000000000e-01
-1.464843750000000000e-01
-1.440429687500000000e-01
-1.440429687500000000e-01
-1.416015625000000000e-01
-1.416015625000000000e-01
-1.440429687500000000e-01
-1.464843750000000000e-01
-1.464843750000000000e-01
-1.416015625000000000e-01
-1.440429687500000000e-01
-1.440429687500000000e-01
-1.464843750000000000e-01
-1.440429687500000000e-01
-1.464843750000000000e-01
-1.464843750000000000e-01
-1.440429687500000000e-01
-1.440429687500000000e-01
-1.416015625000000000e-01
-1.440429687500000000e-01
-1.416015625000000000e-01
-1.440429687500000000e-01
-1.440429687500000000e-01
-1.464843750000000000e-01
-1.464843750000000000e-01
-1.440429687500000000e-01
-1.416015625000000000e-01
-1.416015625000000000e-01
-1.416015625000000000e-01
-1.391601562500000000e-01
-1.440429687500000000e-01
-1.440429687500000000e-01
-1.440429687500000000e-01
-1.416015625000000000e-01
-1.440429687500000000e-01
-1.440429687500000000e-01
-1.440429687500000000e-01
-1.416015625000000000e-01
-1.416015625000000000e-01
-1.440429687500000000e-01
-1.440429687500000000e-01
-1.440429687500000000e-01
-1.416015625000000000e-01
-1.440429687500000000e-01
-1.440429687500000000e-01
-1.440429687500000000e-01
-1.416015625000000000e-01
-1.440429687500000000e-01
-1.440429687500000000e-01
-1.416015625000000000e-01
-1.416015625000000000e-01
-1.391601562500000000e-01
-1.416015625000000000e-01
-1.440429687500000000e-01
-1.440429687500000000e-01
-1.416015625000000000e-01
-1.440429687500000000e-01
-1.416015625000000000e-01
-1.416015625000000000e-01
-1.416015625000000000e-01
-1.391601562500000000e-01
-1.416015625000000000e-01
-1.440429687500000000e-01
-1.416015625000000000e-01
-1.416015625000000000e-01
-1.416015625000000000e-01
-1.440429687500000000e-01
-1.440429687500000000e-01
-1.440429687500000000e-01
-1.416015625000000000e-01
-1.416015625000000000e-01
-1.367187500000000000e-01
-1.391601562500000000e-01
-1.416015625000000000e-01
-1.416015625000000000e-01
-1.416015625000000000e-01
-1.391601562500000000e-01
-1.367187500000000000e-01
-1.367187500000000000e-01
-1.391601562500000000e-01
-1.391601562500000000e-01
-1.391601562500000000e-01
-1.367187500000000000e-01
-1.391601562500000000e-01
-1.416015625000000000e-01
-1.416015625000000000e-01
-1.416015625000000000e-01
-1.416015625000000000e-01
-1.416015625000000000e-01
-1.391601562500000000e-01
-1.391601562500000000e-01
-1.391601562500000000e-01
-1.391601562500000000e-01
-1.391601562500000000e-01
-1.416015625000000000e-01
-1.391601562500000000e-01
-1.367187500000000000e-01
-1.367187500000000000e-01
-1.391601562500000000e-01
-1.391601562500000000e-01
-1.391601562500000000e-01
-1.367187500000000000e-01
-1.391601562500000000e-01
-1.391601562500000000e-01
-1.391601562500000000e-01
-1.391601562500000000e-01
-1.416015625000000000e-01
-1.367187500000000000e-01
-1.367187500000000000e-01
-1.391601562500000000e-01
-1.391601562500000000e-01
-1.391601562500000000e-01
-1.391601562500000000e-01
-1.391601562500000000e-01
-1.416015625000000000e-01
-1.416015625000000000e-01
-1.391601562500000000e-01
-1.391601562500000000e-01
-1.367187500000000000e-01
-1.367187500000000000e-01
-1.342773437500000000e-01
-1.367187500000000000e-01
-1.391601562500000000e-01
-1.391601562500000000e-01
-1.391601562500000000e-01
-1.367187500000000000e-01
-1.391601562500000000e-01
-1.391601562500000000e-01
-1.391601562500000000e-01
-1.391601562500000000e-01
-1.367187500000000000e-01
-1.367187500000000000e-01
-1.367187500000000000e-01
-1.416015625000000000e-01
-1.367187500000000000e-01
-1.391601562500000000e-01
-1.367187500000000000e-01
-1.342773437500000000e-01
-1.342773437500000000e-01
-1.367187500000000000e-01
-1.391601562500000000e-01
-1.391601562500000000e-01
-1.391601562500000000e-01
-1.367187500000000000e-01
-1.342773437500000000e-01
-1.342773437500000000e-01
-1.342773437500000000e-01
-1.342773437500000000e-01
-1.342773437500000000e-01
-1.391601562500000000e-01
-1.367187500000000000e-01
-1.391601562500000000e-01
-1.391601562500000000e-01
-1.391601562500000000e-01
-1.367187500000000000e-01
-1.342773437500000000e-01
-1.342773437500000000e-01
-1.367187500000000000e-01
-1.367187500000000000e-01
-1.391601562500000000e-01
-1.367187500000000000e-01
-1.367187500000000000e-01
-1.342773437500000000e-01
-1.367187500000000000e-01
-1.367187500000000000e-01
-1.342773437500000000e-01
-1.367187500000000000e-01
-1.342773437500000000e-01
-1.367187500000000000e-01
-1.367187500000000000e-01
-1.367187500000000000e-01
-1.391601562500000000e-01
-1.391601562500000000e-01
-1.367187500000000000e-01
-1.367187500000000000e-01
-1.367187500000000000e-01
-1.367187500000000000e-01
-1.367187500000000000e-01
-1.367187500000000000e-01
-1.342773437500000000e-01
-1.367187500000000000e-01
-1.391601562500000000e-01
-1.367187500000000000e-01
-1.342773437500000000e-01
-1.318359375000000000e-01
-1.342773437500000000e-01
-1.342773437500000000e-01
-1.367187500000000000e-01
-1.342773437500000000e-01
-1.367187500000000000e-01
-1.367187500000000000e-01
-1.367187500000000000e-01
-1.342773437500000000e-01
-1.342773437500000000e-01
-1.342773437500000000e-01
-1.367187500000000000e-01
-1.367187500000000000e-01
-1.342773437500000000e-01
-1.342773437500000000e-01
-1.367187500000000000e-01
-1.367187500000000000e-01
-1.391601562500000000e-01
-1.367187500000000000e-01
-1.367187500000000000e-01
-1.367187500000000000e-01
-1.318359375000000000e-01
-1.342773437500000000e-01
-1.342773437500000000e-01
-1.367187500000000000e-01
-1.342773437500000000e-01
-1.342773437500000000e-01
-1.342773437500000000e-01
-1.318359375000000000e-01
-1.342773437500000000e-01
-1.342773437500000000e-01
-1.318359375000000000e-01
-1.342773437500000000e-01
-1.367187500000000000e-01
-1.367187500000000000e-01
-1.367187500000000000e-01
-1.367187500000000000e-01
-1.342773437500000000e-01
-1.342773437500000000e-01
-1.342773437500000000e-01
-1.342773437500000000e-01
-1.342773437500000000e-01
-1.342773437500000000e-01
-1.367187500000000000e-01
-1.367187500000000000e-01
-1.367187500000000000e-01
-1.342773437500000000e-01
-1.342773437500000000e-01
-1.318359375000000000e-01
-1.318359375000000000e-01
-1.342773437500000000e-01
-1.367187500000000000e-01
-1.367187500000000000e-01
-1.342773437500000000e-01
-1.342773437500000000e-01
-1.342773437500000000e-01
-1.342773437500000000e-01
-1.342773437500000000e-01
-1.342773437500000000e-01
-1.342773437500000000e-01
-1.367187500000000000e-01
-1.367187500000000000e-01
-1.318359375000000000e-01
-1.342773437500000000e-01
-1.342773437500000000e-01
-1.342773437500000000e-01
-1.318359375000000000e-01
-1.293945312500000000e-01
-1.318359375000000000e-01
-1.342773437500000000e-01
-1.342773437500000000e-01
-1.342773437500000000e-01
-1.342773437500000000e-01
-1.342773437500000000e-01
-1.342773437500000000e-01
-1.342773437500000000e-01
-1.342773437500000000e-01
-1.342773437500000000e-01
-1.367187500000000000e-01
-1.367187500000000000e-01
-1.367187500000000000e-01
-1.342773437500000000e-01
-1.342773437500000000e-01
-1.342773437500000000e-01
-1.318359375000000000e-01
-1.342773437500000000e-01
-1.342773437500000000e-01
-1.342773437500000000e-01
-1.342773437500000000e-01
-1.342773437500000000e-01
-1.342773437500000000e-01
-1.367187500000000000e-01
-1.342773437500000000e-01
-1.318359375000000000e-01
-1.342773437500000000e-01
-1.318359375000000000e-01
-1.342773437500000000e-01
-1.342773437500000000e-01
-1.367187500000000000e-01
-1.342773437500000000e-01
-1.318359375000000000e-01
-1.318359375000000000e-01
-1.293945312500000000e-01
-1.293945312500000000e-01
-1.318359375000000000e-01
-1.342773437500000000e-01
-1.367187500000000000e-01
-1.342773437500000000e-01
-1.318359375000000000e-01
-1.318359375000000000e-01
-1.342773437500000000e-01
-1.342773437500000000e-01
-1.342773437500000000e-01
-1.342773437500000000e-01
-1.318359375000000000e-01
-1.318359375000000000e-01
-1.318359375000000000e-01
-1.318359375000000000e-01
-1.318359375000000000e-01
-1.318359375000000000e-01
-1.293945312500000000e-01
-1.293945312500000000e-01
-1.269531250000000000e-01
-1.293945312500000000e-01
-1.318359375000000000e-01
-1.342773437500000000e-01
-1.318359375000000000e-01
